Measure Time,Commanded trajectory,Real trajectory,Curve,az LS,1318,el LS,2322
2024-10-17 16:04:02.900162,"(0, 0)","(157, 2724)","[17 18 16 17 15 15 16 15 20 19 22 22 21 22 17 19 16 17 16 16 14 15 13 13
 12 12 11 11 11 11 11 11 11 11 11 11 12 12 12 12 12 12 11 11 10 10 10 10
 11 10 11 11 11 11 12 12 12 12 11 11 10 10  9 10  9  9 10  9 11 11 10 11
  9  9  9  9 15 11 19 17 21 20 22 22 28 24 33 31 42 36 52 47 54 53 52 53
 47 50 41 44 36 39 30 33 23 27 21 22 19 20 17 18 15 16 14 14 12 13 11 11
 10 10  9  9  9  9  9  9]"
2024-10-17 16:04:27.631301,"(90, 3)","(1231, 2690)","[19 21 16 18 15 15 16 15 20 19 22 22 21 22 17 19 16 17 16 16 15 15 14 14
 13 13 12 12 11 12 11 11 10 11 10 10 12 11 12 12 12 12 11 11 10 10 10 10
 11 10 11 11 11 11 12 12 12 12 11 11 10 10  9 10  9  9 10  9 11 11 10 11
  9  9  9  9 12 11 13 12 14 15 20 18 22 20 36 29 52 44 63 58 66 65 64 65
 58 62 51 55 45 48 38 42 33 35 27 27 25 26 22 23 19 20 17 18 15 16 14 15
 13 14 12 13 11 11  9 10]"
2024-10-17 16:04:48.108084,"(30, 3)","(603, 2690)","[19 21 16 18 15 15 16 15 20 19 22 22 21 22 17 19 17 17 16 16 14 15 13 13
 12 12 11 11 10 11 11 11 10 11 10 10 12 11 12 12 12 12 11 11 10 10 10 10
 11 10 11 11 11 11 12 12 12 12 11 11 10 10  9 10 13  9 14 14 11 11 10 11
  9  9  9  9 16 11 18 18 14 18 13 14 26 21 36 31 51 43 62 58 64 64 62 64
 57 60 51 54 44 48 36 39 27 32 25 26 21 23 19 20 16 17 14 15 12 13 11 12
 10 11 10 10 10 10 10 10]"
2024-10-17 16:05:08.580935,"(-30, 3)","(3822, 2690)","[17  9 16 17 15 15 16 15 20 19 22 22 21 22 17 19 16 17 16 16 15 15 13 14
 12 12 11 11 10 10 11 11 10 11 10 10 12 11 12 12 12 12 11 11 10 10 10 10
 11 10 11 11 11 11 12 12 12 12 11 11 10 10  9 10  9  9 10  9 11 11 10 11
 13  9 14 14 12 11 13 12 14 15 13 14 18 18 25 20 41 33 53 48 55 55 54 55
 48 52 41 44 36 38 32 34 28 30 22 23 20 22 18 19 16 17 14 15 12 13 10 11
  9 10  9  9  9  9  9  9]"
2024-10-17 16:05:29.052237,"(-90, 3)","(3292, 2690)","[20 22 19 20 17 18 16 15 20 19 22 22 21 22 17 19 16 17 16 16 14 15 13 14
 12 12 12 12 11 11 12 12 12 13 12 12 12 12 12 12 12 12 11 11 10 10 10 10
 11 10 11 11 11 11 12 12 12 12 11 11 10 10 13 10 14 14 14 14 15 11 17 16
 17 17 17 17 12 16 13 12 14 15 18 15 22 20 29 24 43 36 54 50 57 56 55 56
 51 54 44 48 36 40 31 33 24 29 22 23 19 21 17 18 14 15 11 13  9 10  8  9
  7  7  8  7  9  9  9  9]"
2024-10-17 16:05:57.854679,"(30, -3)","(602, 2760)","[17 11 16 17 15 15 16 15 20 19 22 22 21 22 17 19 16 17 16 16 14 15 13 13
 12 12 11 11 10 11 11 11 10 11 10 10 12 11 12 12 12 12 11 11 10 10 10 10
 11 10 11 11 11 11 12 12 12 12 11 11 10 10  9 10  9  9 10  9 11 11 10 11
  9  9  9  9 12 11 13 12 14 15 13 14 22 18 31 26 43 35 54 49 55 55 53 55
 48 51 42 45 32 37 26 29 21 24 19 21 17 18 15 16 14 15 13 14 12 13 11 12
 10 11  9 10  9  9  9  9]"
2024-10-17 16:06:18.319652,"(-30, -3)","(3819, 2759)","[17 15 16 17 15 15 16 15 20 19 22 22 21 22 17 19 16 17 16 16 14 15 13 13
 13 13 12 12 11 11 11 11 10 11 10 10 12 11 12 12 12 12 11 11 10 10 10 10
 11 10 11 11 11 11 12 12 12 12 11 11 10 10  9 10  9  9 10  9 11 11 10 11
  9  9  9  9 16 11 18 17 14 18 22 19 28 25 33 30 43 36 54 49 57 56 55 56
 49 53 41 45 33 37 28 30 23 26 22 23 21 22 19 20 16 17 15 16 14 14 13 13
 12 12 11 11 10 10 10 10]"
2024-10-17 16:06:47.115812,"(90, 6)","(1230, 2657)","[17 10 16 17 15 15 16 15 20 19 22 22 21 22 17 19 16 17 16 16 14 15 13 13
 12 12 11 11 10 10 11 11 10 11 10 10 12 11 12 12 12 12 11 11 10 10 10 10
 11 10 11 11 11 11 12 12 12 12 11 11 10 10  9 10  9  9 10  9 11 11 10 11
 14  9 13 14 12 11 13 12 14 15 13 14 15 13 24 19 37 29 48 43 49 49 46 48
 40 42 36 38 30 33 23 26 18 21 15 17 13 14 12 12 11 12 10 11 10 10  9  9
  8  8  8  8  9  9  9  9]"
2024-10-17 16:07:03.321121,"(61, 5)","(984, 2668)","[17 13 16 17 15 15 16 15 20 19 22 22 21 22 18 19 17 17 16 16 14 15 13 13
 12 12 11 11 11 11 11 11 10 11 10 10 12 11 12 12 12 12 11 11 10 10 10 10
 11 10 11 11 11 11 12 12 12 12 11 11 10 10  9 10  9  9 10  9 11 11 10 11
  9  9  9  9 12 11 13 12 14 15 13 14 16 13 25 20 40 32 51 47 53 53 51 53
 46 49 41 44 34 37 27 30 21 25 18 20 15 17 13 14 11 12 10 11  9  9  8  8
  7  7  8  7  9  9  9  9]"
2024-10-17 16:07:19.723185,"(30, 6)","(603, 2657)","[17 11 16 17 15 15 16 15 20 19 22 22 21 22 17 19 16 17 16 16 14 15 13 13
 12 12 11 11 11 10 11 11 10 11 10 10 12 11 12 12 12 12 11 11 10 10 10 10
 11 10 11 11 11 11 12 12 12 12 11 11 10 10  9 10  9  9 10  9 11 11 16 11
 15 16 14 15 12 11 13 12 14 15 13 14 12 13 21 16 36 27 48 43 51 50 49 50
 45 48 39 42 32 35 27 29 21 25 20 21 18 19 16 17 14 14 12 13 11 12 11 11
 10 11 10 10  9 10  9  9]"
2024-10-17 16:07:35.922376,"(1, 5)","(166, 2668)","[17 16 16 17 15 15 16 15 20 19 22 22 21 22 17 19 16 17 16 16 14 15 13 13
 12 12 11 11 10 10 11 11 10 11 10 10 12 11 12 12 12 12 11 11 10 10 10 10
 11 10 11 11 11 11 12 12 12 12 11 11 10 10  9 10  9  9 10  9 11 11 10 11
 14  9 14 14 12 11 13 12 14 15 19 18 19 19 25 19 42 34 54 49 56 56 55 56
 51 53 43 47 36 39 32 34 29 31 23 24 20 22 17 19 15 16 13 14 11 12 10 11
 10 10 10 10  9 10  9  9]"
2024-10-17 16:07:53.331924,"(-30, 6)","(3822, 2654)","[17 17 16 17 15 15 16 15 20 19 22 22 21 22 17 19 16 17 16 16 14 15 13 13
 12 12 11 11 10 10 11 11 10 11 10 10 12 11 12 12 12 12 11 11 10 10 10 10
 11 10 11 11 11 11 12 12 12 12 11 11 10 10  9 10  9  9 10  9 11 11 10 11
  9  9  9  9 12 11 13 12 14 15 20 16 23 22 27 24 41 32 52 48 54 54 52 53
 46 50 37 41 30 33 22 28 21 22 18 19 17 17 15 16 14 15 13 14 12 13 11 12
 10 11  9 10  9  9  9  9]"
2024-10-17 16:08:09.536255,"(-59, 5)","(3540, 2666)","[19 18 20 21 17 19 16 15 20 19 22 22 21 22 17 19 16 17 16 16 14 15 13 13
 13 12 13 13 12 12 11 12 10 11 11 10 12 12 12 12 12 12 11 11 10 10 10 10
 11 10 11 11 11 11 12 12 12 12 11 11 10 10  9 10 13  9 14 14 11 11 10 11
  9  9  9  9 12 11 13 12 14 15 13 14 14 13 23 17 39 31 51 46 53 52 51 52
 47 49 41 44 35 38 29 32 21 26 20 21 18 19 16 17 15 16 13 14 11 12 10 11
 10 10  9  9 11  9 16 15]"
2024-10-17 16:08:25.946609,"(-90, 6)","(3292, 2657)","[17  6 16 17 15 16 16 15 20 19 22 22 21 22 17 19 16 17 16 16 14 15 13 13
 12 12 11 11 10 10 11 11 11 11 13 12 13 13 12 12 12 12 11 11 10 10 10 10
 11 10 11 11 11 11 12 12 12 12 11 11 10 10  9 10 13  9 15 14 11 11 10 11
  9  9  9  9 12 11 13 12 14 15 13 14 12 13 17 11 30 23 43 37 48 46 47 48
 45 46 39 42 33 36 27 30 20 24 17 19 15 16 12 13 11 12 10 11 10 10  9  9
  8  8  8  8  9  9 14  9]"
2024-10-17 16:08:59.118483,"(61, -5)","(983, 2783)","[17  3 16 17 15 16 16 15 20 19 22 22 21 22 17 19 16 17 16 16 14 15 13 13
 12 12 11 11 10 10 11 11 10 11 10 10 12 11 12 12 12 12 11 11 10 10 10 10
 11 10 11 11 11 11 12 12 12 12 11 11 10 10  9 10  9  9 10  9 11 11 10 11
  9  9  9  9 12 11 13 12 14 15 13 14 20 18 27 23 35 31 40 38 41 41 38 40
 34 35 31 32 28 29 25 26 19 23 18 19 17 18 16 17 15 15 13 14 11 12 10 11
 10 10  9  9  9  9  9  9]"
2024-10-17 16:09:15.522180,"(30, -6)","(601, 2792)","[17 12 16 17 15 16 16 15 20 19 22 22 21 22 17 19 16 17 16 16 14 15 13 13
 12 12 11 11 10 10 11 11 10 11 10 10 12 11 12 12 12 12 11 11 10 10 10 10
 11 10 11 11 11 11 12 12 12 12 11 11 10 10  9 10  9  9 10  9 11 11 10 11
  9  9  9  9 12 11 13 12 14 15 18 15 26 22 33 30 35 35 37 35 39 38 38 39
 36 37 34 35 32 33 28 30 25 26 20 20 17 19 15 16 14 14 14 14 14 14 13 14
 12 13 11 11 10 10  9  9]"
2024-10-17 16:09:31.721623,"(1, -5)","(166, 2780)","[17  5 16 17 15 16 16 15 20 19 22 22 21 22 17 19 16 17 16 16 14 15 13 13
 12 12 11 11 10 10 11 11 10 11 10 10 12 11 12 12 12 12 11 11 10 10 10 10
 11 10 11 11 11 11 12 12 12 12 11 11 10 10  9 10  9  9 10  9 11 11 10 11
 13  9 17 15 21 19 21 21 23 20 25 25 25 25 29 26 35 33 40 37 41 41 40 40
 37 39 33 36 28 31 21 26 20 21 20 20 19 19 18 18 16 17 15 16 14 15 13 14
 12 13 11 11 10 10 10 10]"
2024-10-17 16:09:48.128601,"(-30, -6)","(3822, 2794)","[17  7 17 17 15 16 16 15 20 19 22 22 21 22 17 19 16 17 16 16 14 15 13 13
 12 12 11 11 11 11 11 11 10 11 10 10 12 11 12 12 12 12 11 11 10 10 10 10
 11 10 11 11 11 11 12 12 12 12 11 11 10 10  9 10  9  9 10  9 11 11 10 11
  9  9  9  9 19 16 21 21 21 21 22 21 26 23 39 34 41 42 39 40 38 38 35 37
 32 33 30 31 27 28 24 26 19 23 19 19 18 18 17 17 16 16 15 15 13 14 12 13
 11 11  9 10  9  9  9  9]"
2024-10-17 16:10:04.332445,"(-59, -5)","(3540, 2782)","[17 11 16 17 15 16 16 15 20 19 22 22 21 22 18 19 17 17 16 16 14 15 13 13
 12 12 11 11 10 10 11 11 10 11 10 10 12 11 12 12 12 12 11 11 10 10 10 10
 11 10 11 11 11 11 12 12 12 12 11 11 10 10  9 10 13  9 14 14 11 11 10 11
  9  9  9  9 12 11 13 12 14 15 23 20 32 27 38 35 45 41 53 49 55 55 53 54
 47 50 41 44 35 38 28 31 23 25 21 22 19 20 18 18 17 18 17 17 15 16 14 15
 12 13 11 12  9 10  9  9]"
2024-10-17 16:10:37.290012,"(90, 9)","(1230, 2623)","[17 13 17 17 15 16 16 15 20 19 22 22 21 22 17 19 16 17 16 16 15 15 13 14
 12 12 11 11 11 11 11 11 10 11 10 10 12 11 12 12 12 12 11 11 10 10 10 10
 11 10 11 11 11 11 12 12 12 12 11 11 10 10  9 10  9  9 10  9 11 11 10 11
  9  9  9  9 12 11 13 12 14 15 13 14 18 17 24 20 37 29 48 43 49 49 47 48
 42 45 37 40 32 35 28 30 25 27 20 21 19 20 18 18 16 17 14 15 12 14 10 11
  8  9  8  8  9  9  9  9]"
2024-10-17 16:10:51.868016,"(72, 8)","(1086, 2635)","[17 11 17 17 15 16 16 15 20 19 22 22 21 22 17 19 16 17 16 16 14 15 13 13
 12 12 12 12 11 11 11 11 10 11 10 10 12 11 12 12 12 12 11 11 10 10 10 10
 11 10 11 11 11 11 12 12 12 12 11 11 10 10  9 10  9  9 10  9 11 11 10 11
  9  9  9  9 12 11 13 12 14 15 13 14 16 13 25 20 38 31 49 45 50 50 48 49
 44 46 39 41 32 36 27 30 20 25 18 19 16 17 15 15 14 14 14 14 13 13 11 12
 10 10  9  9  9  9  9  9]"
2024-10-17 16:11:07.055839,"(50, 8)","(866, 2635)","[17  2 17 17 15 16 16 15 20 19 22 22 21 22 17 19 16 17 16 16 14 15 13 13
 12 12 11 11 11 11 11 11 10 11 10 10 12 11 12 12 12 12 11 11 10 10 10 10
 11 10 11 11 11 11 12 12 12 12 11 11 10 10  9 10  9  9 10  9 11 11 10 11
 14  9 14 14 12 11 13 12 14 15 13 14 17 13 24 20 37 30 47 43 48 48 45 47
 39 41 32 36 26 29 19 24 17 18 14 15 12 13 11 12 11 12 11 11 10 10  9  9
  8  8  8  8  9  9  9  9]"
2024-10-17 16:11:22.039486,"(30, 9)","(602, 2625)","[17  8 17 17 15 16 16 15 20 19 22 22 21 22 18 19 17 17 16 16 14 15 13 13
 12 12 11 11 11 11 11 11 10 11 10 10 12 11 12 12 12 12 11 11 10 10 10 10
 11 10 11 11 11 11 12 12 12 12 11 11 10 10  9 10  9  9 10  9 11 11 10 11
  9  9  9  9 12 11 13 12 14 15 13 14 14 13 22 18 34 27 44 40 45 45 42 44
 37 39 33 35 28 30 23 25 18 21 17 18 15 16 15 15 15 15 15 15 14 14 12 13
 11 12 10 11 10 10 10 10]"
2024-10-17 16:11:36.615299,"(12, 8)","(308, 2634)","[17  9 17 17 15 16 16 15 20 19 22 22 21 22 17 19 16 17 16 16 14 15 13 13
 12 12 11 11 11 11 11 11 10 11 10 10 12 11 12 12 12 12 11 11 10 10 10 10
 11 10 11 11 11 11 12 12 12 12 11 11 10 10  9 10  9  9 10  9 11 11 10 11
  9  9  9  9 12 11 13 12 14 15 13 14 12 13 19 11 36 28 47 42 49 48 46 48
 40 43 34 37 28 31 24 26 19 22 17 18 15 16 14 15 14 14 14 14 14 14 13 13
 12 12 11 11 10 11 10 10]"
2024-10-17 16:11:51.801697,"(-10, 8)","(4089, 2636)","[18 10 18 19 15 16 16 15 20 19 22 22 21 22 17 19 16 17 16 16 14 15 13 14
 12 13 11 11 10 10 11 11 10 11 10 10 12 11 12 12 12 12 11 11 10 10 10 10
 11 10 11 11 11 11 12 12 12 12 11 11 10 10  9 10  9  9 10  9 11 11 10 11
  9  9  9  9 12 11 13 12 14 15 13 14 12 13 15 11 33 24 45 40 47 46 44 46
 38 41 32 35 27 29 22 24 18 21 16 17 15 16 14 14 13 13 13 13 12 12 11 12
 10 11  9  9  9  9  9  9]"
2024-10-17 16:12:06.789407,"(-30, 9)","(3822, 2624)","[17 11 17 18 15 16 16 15 20 19 22 22 21 22 17 19 16 17 16 16 14 15 14 14
 13 13 13 13 13 13 11 12 10 11 10 10 12 11 12 12 12 12 11 11 10 10 10 10
 11 10 11 11 11 11 12 12 12 12 11 11 10 10  9 10  9  9 10  9 11 11 10 11
  9  9  9  9 12 11 13 12 14 15 13 14 18 15 19 19 25 20 36 30 40 38 39 39
 36 38 32 34 28 30 23 26 17 21 16 17 14 15 13 13 13 13 13 13 12 12 10 11
  9  9  8  8  9  9  9  9]"
2024-10-17 16:12:21.370883,"(-48, 8)","(3637, 2634)","[17  6 17 18 15 16 16 15 20 19 22 22 21 22 17 19 17 17 16 16 15 16 14 14
 13 13 11 12 10 11 11 11 10 11 10 10 12 11 12 12 12 12 11 11 10 10 10 10
 11 10 11 11 11 11 12 12 12 12 11 11 10 10 13 10 15 15 14 15 11 11 10 11
  9  9  9  9 12 11 13 12 14 15 13 14 19 18 20 19 28 21 39 34 43 42 42 43
 39 41 36 38 30 33 25 27 19 23 18 18 17 17 15 16 14 15 13 13 12 13 10 11
  9 10  8  8  9  9  9  9]"
2024-10-17 16:12:36.558932,"(-70, 8)","(3450, 2635)","[17  6 17 18 15 16 16 15 20 19 22 22 21 22 17 19 16 17 16 16 14 15 13 13
 12 12 11 11 10 10 11 11 10 11 10 10 12 11 12 12 12 12 11 11 10 10 10 10
 11 10 11 11 11 11 12 12 12 12 11 11 10 10  9 10  9  9 15 13 11 15 10 11
  9  9  9  9 12 11 13 12 14 15 13 14 12 13 18 11 31 24 43 38 48 46 48 48
 46 48 43 45 37 40 32 35 27 29 21 21 20 21 19 20 18 19 18 18 17 17 15 16
 12 13 11 11  9 10  9  9]"
2024-10-17 16:12:51.542866,"(-90, 9)","(3292, 2625)","[17 15 17 18 15 16 16 15 20 19 22 22 21 22 17 19 16 17 16 16 15 15 14 14
 13 13 12 13 12 12 11 12 10 11 10 10 12 11 12 12 12 12 11 11 10 10 10 10
 11 10 11 11 11 11 12 12 12 12 11 11 10 10  9 10  9  9 15 14 11 16 10 11
  9  9  9  9 12 11 13 12 14 15 13 14 12 13 16 11 31 23 41 38 43 42 46 45
 45 46 41 43 34 37 29 32 25 27 19 20 17 18 15 16 13 14 13 13 12 13 12 12
 11 11 11 11 11 11 10 10]"
2024-10-17 16:13:26.341456,"(72, -8)","(1085, 2816)","[17  7 17 18 15 16 16 15 20 19 22 22 21 22 17 19 16 17 16 16 14 15 13 13
 12 12 11 11 10 10 11 11 10 11 10 10 12 11 12 12 12 12 11 11 10 10 10 10
 11 10 11 11 11 11 12 12 12 12 11 11 10 10  9 10  9  9 10  9 11 11 10 11
  9  9  9  9 12 11 13 12 14 15 20 18 21 21 19 20 22 18 29 26 41 35 46 44
 45 46 42 44 38 40 32 35 26 29 20 21 19 20 18 19 16 17 15 15 13 14 13 13
 12 12 11 11 17 14 23 21]"
2024-10-17 16:13:41.529319,"(50, -8)","(866, 2816)","[17 10 17 18 15 16 16 15 20 19 22 22 21 22 17 19 16 17 16 16 14 15 13 13
 12 12 11 11 10 10 11 11 10 11 10 10 12 11 12 12 12 12 11 11 10 10 10 10
 11 10 11 11 11 11 12 12 12 12 11 11 10 10  9 10 13  9 16 15 11 16 10 11
 14  9 15 14 19 17 18 19 20 17 27 24 27 27 26 26 24 25 32 26 39 36 38 39
 37 38 36 37 33 34 29 31 25 27 20 20 19 20 17 18 15 15 13 14 12 12 11 11
  9 10  9  9 15  9 18 17]"
2024-10-17 16:13:56.514880,"(30, -9)","(601, 2829)","[17  9 17 18 15 16 16 15 20 19 22 22 21 22 17 19 16 17 16 16 14 15 13 13
 12 12 11 11 10 10 11 11 10 11 10 10 12 11 12 12 12 12 11 11 10 10 10 10
 11 10 11 11 11 11 12 12 12 12 11 11 10 10  9 10  9  9 10  9 11 11 10 11
  9  9 16 13 18 17 18 18 23 18 32 28 34 33 32 33 33 31 38 35 40 39 40 40
 38 39 34 36 31 33 29 30 25 28 20 20 19 19 18 18 17 17 16 16 15 15 14 14
 13 13 11 12 10 11  9  9]"
2024-10-17 16:14:11.092334,"(12, -8)","(307, 2817)","[17  8 17 18 15 16 16 15 20 19 22 22 21 22 17 19 16 17 16 16 14 15 13 13
 12 12 11 11 10 10 11 11 10 11 10 10 12 11 12 12 12 12 11 11 10 10 10 10
 11 10 11 11 11 11 12 12 12 12 11 11 10 10  9 10  9  9 10  9 11 11 14 11
 15 15 14 14 12 11 13 12 22 15 32 28 35 34 38 36 42 41 42 43 40 41 38 40
 33 36 28 30 20 26 20 20 19 20 18 18 16 17 15 15 14 14 13 13 12 13 12 12
 11 11 10 11 10 10  9 10]"
2024-10-17 16:14:26.279636,"(-10, -8)","(4090, 2818)","[17  8 17 18 15 16 16 15 20 19 22 22 21 22 17 19 16 17 16 16 14 15 13 13
 12 12 11 11 10 10 11 11 10 11 10 10 12 11 12 12 12 12 11 11 10 10 10 10
 11 10 11 11 11 11 12 12 12 12 11 11 10 10  9 10 14  9 16 15 11 16 15 11
 15 15 17 16 20 18 20 20 25 21 27 27 34 30 43 39 45 45 43 44 42 43 42 42
 39 41 36 38 34 35 30 32 23 27 21 22 19 20 17 18 15 16 15 15 14 14 13 14
 12 13 11 12 11 11 11 11]"
2024-10-17 16:14:41.264355,"(-30, -9)","(3822, 2828)","[17 12 17 18 15 16 16 15 20 19 22 22 21 22 17 19 16 17 16 16 14 15 13 13
 12 12 11 11 10 10 11 11 10 11 10 10 12 11 12 12 12 12 11 11 10 10 10 10
 11 10 11 11 11 11 12 12 12 12 11 11 10 10  9 10  9  9 10  9 11 11 10 11
  9  9 18 14 22 20 21 21 22 21 20 22 27 23 32 29 38 35 38 39 36 37 34 35
 32 33 31 32 29 30 25 27 19 23 17 18 15 16 14 14 13 13 12 12 12 12 12 12
 11 11  9 10  9  9  9  9]"
2024-10-17 16:14:55.843293,"(-48, -8)","(3637, 2817)","[17 13 17 18 15 16 16 15 20 19 22 22 21 22 17 19 16 17 16 16 14 15 13 13
 12 12 11 11 10 10 11 11 10 11 10 10 12 11 12 12 12 12 11 11 10 10 10 10
 11 10 11 11 11 11 12 12 12 12 11 11 10 10  9 10  9  9 10  9 11 11 14 11
 14 15 14 14 12 11 13 12 20 15 31 26 35 34 35 35 34 34 32 33 31 32 31 31
 28 30 24 26 18 22 17 18 15 17 14 15 13 13 12 12 11 12 10 11 10 10 10 10
  9 10  9  9  9  9  9  9]"
2024-10-17 16:15:12.050693,"(-70, -8)","(3450, 2816)","[17  9 17 18 15 16 16 15 20 19 22 22 21 22 17 19 16 17 16 16 14 15 13 13
 12 12 11 11 10 10 11 11 10 11 10 10 12 11 12 12 12 12 11 11 10 10 10 10
 11 10 11 11 11 11 12 12 12 12 11 11 10 10  9 10  9  9 10  9 11 11 10 11
  9  9  9  9 12 11 13 12 14 15 13 14 12 13 20 11 33 27 42 38 45 44 43 44
 40 42 35 38 31 33 27 29 22 24 18 19 16 17 14 15 13 14 13 13 12 12 11 11
 10 10  9  9  9  9  9  9]"
2024-10-17 16:15:46.438251,"(90, 12)","(1230, 2586)","[17 13 17 18 15 16 16 15 20 19 22 22 21 22 17 19 16 17 16 16 14 15 13 13
 12 12 11 11 10 10 11 11 10 11 10 10 12 11 12 12 12 12 11 11 10 10 10 10
 11 10 11 11 11 11 12 12 12 12 11 11 10 10  9 10  9  9 10  9 11 11 10 11
  9  9  9  9 12 11 13 12 14 15 13 14 12 13 14 11 18 16 26 22 31 28 30 31
 28 29 26 27 22 24 20 21 14 19 14 14 14 14 13 13 13 13 13 13 13 13 12 12
 11 11 10 10  9 10  9  9]"
2024-10-17 16:16:00.406446,"(77, 11)","(1127, 2598)","[17 11 17 18 15 16 16 15 20 19 22 22 21 22 17 19 17 17 16 16 15 16 13 14
 12 13 11 12 10 11 11 11 10 11 10 10 12 11 12 12 12 12 11 11 10 10 10 10
 11 10 11 11 11 11 12 12 12 12 11 11 10 10  9 10  9  9 10  9 11 11 10 11
  9  9  9  9 12 11 13 12 14 15 13 14 12 13 14 11 24 17 35 30 38 37 37 38
 34 36 31 32 26 29 22 24 17 21 16 16 15 16 13 14 11 12 10 11 10 10  9  9
  8  9  8  8  9  9  9  9]"
2024-10-17 16:16:15.801189,"(61, 10)","(984, 2609)","[17 11 17 18 15 16 16 15 20 19 22 22 21 22 17 19 16 17 16 16 14 15 13 13
 12 12 11 11 10 10 11 11 10 11 10 10 12 11 12 12 12 12 11 11 10 10 10 10
 11 10 11 11 11 11 12 12 12 12 11 11 10 10  9 10  9  9 10  9 11 11 10 11
  9  9  9  9 12 11 13 12 14 15 13 14 12 13 14 11 29 21 41 36 43 43 41 43
 35 39 28 31 22 25 16 20 15 15 13 14 11 12 11 11 11 12 10 11  9  9  9  9
  8  8  8  8  9  9  9  9]"
2024-10-17 16:16:30.176676,"(45, 11)","(807, 2598)","[17 11 18 19 15 17 16 15 20 19 22 22 21 22 17 19 16 17 16 16 14 15 13 13
 12 12 11 11 10 10 11 11 10 11 10 10 12 11 12 12 12 12 11 11 10 10 10 10
 11 10 11 11 11 11 12 12 12 12 11 11 10 10  9 10  9  9 10  9 11 11 10 11
  9  9  9  9 12 11 13 12 14 15 13 14 12 13 16 11 27 17 38 34 38 39 37 38
 34 36 30 32 24 27 21 22 15 19 14 15 13 13 12 12 11 12 11 11 10 11  9 10
  8  9  8  8  9  9  9  9]"
2024-10-17 16:16:44.347725,"(30, 12)","(601, 2587)","[17  9 17 18 15 16 16 15 20 19 22 22 21 22 17 19 16 17 16 16 14 15 13 13
 12 12 11 11 10 10 11 11 10 11 10 10 12 11 12 12 12 12 11 11 10 10 10 10
 11 10 11 11 11 11 12 12 12 12 11 11 10 10  9 10  9  9 10  9 11 11 10 11
  9  9  9  9 12 11 13 12 14 15 13 14 16 13 20 17 34 26 45 40 46 46 44 46
 39 42 31 35 24 27 18 23 17 17 15 16 13 14 13 13 13 13 13 13 13 13 11 12
  9 10  9  9  9  9  9  9]"
2024-10-17 16:16:58.316636,"(17, 11)","(391, 2597)","[17 13 17 18 15 16 16 15 20 19 22 22 21 22 17 19 16 17 16 16 14 15 13 14
 12 12 11 11 10 10 11 11 10 11 10 10 12 11 12 12 12 12 11 11 10 10 10 10
 11 10 11 11 11 11 12 12 12 12 11 11 10 10  9 10  9  9 10  9 11 11 10 11
  9  9  9  9 12 11 13 12 14 15 13 14 12 13 16 11 32 24 43 39 46 45 45 46
 41 44 34 38 27 30 18 24 16 17 15 16 14 14 12 13 12 12 11 11 10 11  9 10
  9  9  8  8  9  9  9  9]"
2024-10-17 16:17:12.689546,"(1, 10)","(172, 2610)","[17  8 17 18 15 16 16 15 20 19 22 22 21 22 17 19 16 17 16 16 14 15 13 14
 12 12 11 11 10 10 11 11 10 11 10 10 12 11 12 12 12 12 11 11 10 10 10 10
 11 10 11 11 11 11 12 12 12 12 11 11 10 10  9 10  9  9 10  9 11 11 10 11
  9  9  9  9 12 11 13 12 14 15 13 14 13 13 18 15 27 20 37 32 42 40 41 42
 38 40 33 36 28 30 23 26 17 21 16 17 14 15 13 13 12 12 11 11 10 10  9 10
  9  9  9  9  9  9  9  9]"
2024-10-17 16:17:27.061800,"(-15, 11)","(4016, 2598)","[17 11 17 18 15 16 16 15 20 19 22 22 21 22 17 19 16 17 16 16 14 15 13 13
 12 12 11 11 10 10 11 11 10 11 10 10 12 11 12 12 12 12 11 11 10 10 10 10
 11 10 11 11 11 11 12 12 12 12 11 11 10 10  9 10  9  9 10  9 11 11 10 11
  9  9  9  9 12 11 13 12 14 15 13 14 12 13 16 11 30 23 40 36 43 42 42 43
 38 40 32 35 26 29 22 24 17 20 15 16 14 14 13 13 12 12 11 12 10 11 10 10
 10 10  9  9  9  9  9  9]"
2024-10-17 16:17:41.233528,"(-30, 12)","(3822, 2587)","[17 11 18 19 15 17 16 15 20 19 22 22 21 22 17 19 16 17 16 16 14 15 13 13
 12 12 11 11 10 10 11 11 10 11 10 10 12 11 12 12 12 12 11 11 10 10 10 10
 11 10 11 11 11 11 12 12 12 12 11 11 10 10  9 10 14  9 15 15 11 11 10 11
  9  9  9  9 12 11 13 12 14 15 13 14 12 13 16 11 27 19 38 34 42 41 44 44
 42 44 37 40 32 35 27 30 19 24 17 18 15 16 13 14 12 13 11 11 10 11 10 10
  9 10  9  9  9  9  9  9]"
2024-10-17 16:17:55.205511,"(-43, 11)","(3685, 2599)","[17  8 17 18 15 16 16 15 20 19 22 22 21 22 17 19 17 17 17 17 15 16 13 14
 12 12 11 11 10 10 11 11 10 11 10 10 12 11 12 12 12 12 11 11 10 10 10 10
 11 10 11 11 11 11 12 12 12 12 11 11 12 10 18 15 21 21 19 20 16 18 11 16
 10 10 11 10 12 11 13 12 14 15 13 14 12 13 17 11 30 22 41 36 41 41 38 40
 35 37 30 33 26 28 24 25 18 23 18 18 16 17 14 15 12 13 10 11  9  9  8  9
  7  8  8  7  9  9  9  9]"
2024-10-17 16:18:09.583794,"(-59, 10)","(3541, 2608)","[17 13 17 18 15 16 16 15 20 19 22 22 21 22 17 19 16 17 16 16 14 15 13 13
 12 12 11 11 10 10 11 11 10 11 10 10 12 11 12 12 12 12 11 11 10 10 10 10
 11 10 11 11 11 11 12 12 12 12 11 11 10 10  9 10 14  9 15 15 11 11 10 11
  9  9  9  9 12 11 13 12 14 15 13 14 17 13 19 18 27 20 39 34 39 40 36 37
 35 36 33 34 30 32 25 28 18 22 16 17 14 15 13 14 12 12 11 12 11 11 10 11
 10 10  9  9 14  9 16 16]"
2024-10-17 16:18:23.961538,"(-75, 11)","(3411, 2599)","[17 15 17 18 15 16 16 15 20 19 22 22 21 22 17 19 16 17 16 16 14 15 13 14
 12 13 11 11 10 11 11 11 10 11 10 10 12 11 12 12 12 12 11 11 10 10 10 10
 11 10 11 11 11 11 12 12 12 12 11 11 10 10 13 10 20 17 21 21 20 21 18 19
 15 17 14 15 12 11 13 12 14 15 13 14 17 13 20 16 32 25 42 38 42 43 40 42
 37 38 35 36 31 33 27 29 22 25 18 19 15 16 14 15 13 14 12 13 11 12 11 11
 10 10 15 13 20 17 24 23]"
2024-10-17 16:18:38.136408,"(-90, 12)","(3292, 2587)","[17 17 17 18 15 16 16 15 20 19 22 22 21 22 17 19 16 17 16 16 14 15 13 13
 12 12 11 11 10 10 11 11 10 11 10 10 12 11 12 12 12 12 11 11 10 10 10 10
 11 10 11 11 11 11 12 12 12 12 11 11 10 10  9 10  9  9 10  9 11 11 10 11
 14  9 14 14 14 11 18 17 14 18 13 14 12 13 15 11 26 17 39 33 49 44 52 51
 51 52 48 50 40 44 35 37 29 32 22 22 20 21 17 18 15 16 13 14 12 12 11 11
 11 11 11 11 22 17 28 26]"
2024-10-17 16:19:13.543441,"(77, -11)","(1126, 2851)","[17 10 17 18 15 16 16 15 20 19 22 22 21 22 17 19 16 17 16 16 14 15 13 13
 12 12 11 11 10 10 11 11 10 11 10 10 12 11 12 12 12 12 11 11 10 10 10 10
 11 10 11 11 11 11 12 12 12 12 11 11 10 10  9 10 13  9 18 16 17 18 17 17
 15 16 14 15 22 18 24 24 23 24 21 22 19 20 19 19 23 20 31 27 31 31 34 31
 40 40 39 40 34 37 29 32 24 27 19 20 17 18 15 16 15 15 14 14 13 14 12 13
 11 11 10 10 22 18 25 24]"
2024-10-17 16:19:27.920379,"(61, -10)","(983, 2841)","[17 10 17 18 15 16 16 15 20 19 22 22 21 22 17 19 16 17 16 16 14 15 13 13
 12 12 11 11 10 10 11 11 10 11 10 10 12 11 12 12 12 12 11 11 10 10 10 10
 11 10 11 11 11 11 12 12 12 12 11 11 10 10  9 10 13  9 17 16 11 17 15 11
 14 15 14 14 19 16 22 21 22 22 21 21 20 21 19 20 19 18 31 23 40 36 42 42
 41 42 39 40 35 37 29 32 24 26 19 20 17 18 15 16 13 14 12 13 11 11 11 11
 11 11 11 11 10 11 10 10]"
2024-10-17 16:19:43.297687,"(45, -11)","(806, 2852)","[17 10 17 18 15 16 16 15 20 19 22 22 21 22 17 19 16 17 16 16 16 16 14 15
 12 13 11 12 11 11 11 11 10 11 10 10 12 11 12 12 12 12 11 11 10 10 10 10
 11 10 11 11 11 11 12 12 12 12 11 11 10 10  9 10  9  9 10  9 11 11 14 11
 16 15 16 16 12 16 13 12 14 15 13 14 22 20 22 23 22 21 28 24 31 30 34 32
 35 35 34 35 31 33 28 30 23 26 17 18 15 16 13 14 12 12 18 16 18 18 13 17
 12 12 11 11 12 10 18 16]"
2024-10-17 16:19:57.470997,"(30, -12)","(601, 2863)","[17 10 18 18 15 16 16 15 20 19 22 22 21 22 17 19 17 17 17 17 16 17 14 15
 13 13 11 12 10 11 11 11 10 11 10 10 12 11 12 12 12 12 11 11 10 10 10 10
 11 10 11 11 11 11 12 12 12 12 11 11 10 10  9 10  9  9 10  9 11 11 14 11
 15 15 16 16 18 17 21 19 27 25 28 28 27 27 32 30 34 33 34 34 33 33 33 33
 34 34 33 34 32 33 27 30 20 24 19 20 17 18 16 17 15 15 14 15 14 14 13 14
 12 13 11 11 10 10 10 10]"
2024-10-17 16:20:11.438950,"(17, -11)","(391, 2854)","[17 10 18 18 15 16 16 15 20 19 22 22 21 22 17 19 16 17 16 16 14 15 13 13
 12 12 11 11 10 10 11 11 10 11 10 10 12 11 12 12 12 12 11 11 10 10 10 10
 11 10 11 11 11 11 12 12 12 12 11 11 10 10  9 10  9  9 10  9 11 11 10 11
  9  9 15 13 19 17 19 18 27 22 30 30 27 29 28 26 33 31 33 33 32 32 35 34
 36 37 34 35 29 31 24 26 19 22 18 18 18 18 17 18 17 17 15 16 14 14 13 13
 12 13 11 12 11 11 10 10]"
2024-10-17 16:20:26.829790,"(1, -10)","(171, 2841)","[17 10 18 18 15 16 16 15 20 19 22 22 21 22 17 19 16 17 16 16 14 15 13 13
 12 12 11 11 10 10 11 11 10 11 10 10 12 11 12 12 12 12 11 11 10 10 10 10
 11 10 11 11 11 11 12 12 12 12 11 11 10 10  9 10  9  9 10  9 11 11 10 11
  9  9 18 14 27 23 31 29 34 33 36 35 36 36 34 35 32 34 30 31 29 30 27 28
 27 27 25 26 19 24 19 19 19 19 18 18 17 17 16 16 16 16 16 16 16 16 15 15
 15 15 15 15 14 14 13 14]"
2024-10-17 16:20:41.203703,"(-15, -11)","(4002, 2853)","[17 10 18 18 15 16 16 15 20 19 22 22 21 22 17 19 16 17 16 16 14 15 13 13
 12 12 11 11 10 10 11 11 10 11 10 10 12 11 12 12 12 12 11 11 10 10 10 10
 11 10 11 11 11 11 12 12 12 12 11 11 10 10  9 10 13  9 18 16 17 18 17 17
 16 16 21 17 26 24 24 26 29 22 41 35 46 44 47 47 45 46 42 44 38 40 37 37
 37 37 35 36 31 33 24 29 23 24 22 23 22 22 22 22 20 21 18 19 16 17 14 15
 14 14 13 14 13 13 12 12]"
2024-10-17 16:20:55.375170,"(-30, -12)","(3822, 2866)","[17 13 18 18 15 16 16 15 20 19 22 22 21 22 17 19 16 17 16 16 14 15 13 13
 12 12 11 11 10 10 11 11 10 11 10 10 12 11 12 12 12 12 11 11 10 10 10 10
 11 10 11 11 11 11 12 12 12 12 11 11 10 10  9 10  9  9 10  9 11 11 10 11
  9  9  9  9 12 11 17 12 27 21 35 32 35 36 33 34 32 32 31 32 30 31 29 29
 31 31 29 30 24 26 18 23 19 19 18 18 16 17 14 15 12 13 11 12 10 10  8  9
  8  8  8  8  9  9  9  9]"
2024-10-17 16:21:10.364638,"(-43, -11)","(3685, 2853)","[17  9 18 18 15 16 16 15 20 19 22 22 21 22 17 19 16 17 16 16 14 15 13 13
 12 12 11 11 10 11 11 11 10 11 10 10 12 11 12 12 12 12 11 11 10 10 10 10
 11 10 11 11 11 11 12 12 12 12 11 11 10 10  9 10  9  9 10  9 11 11 10 11
  9  9  9  9 12 11 13 12 21 15 30 27 33 32 34 33 36 36 36 37 38 37 38 38
 36 38 34 35 31 32 27 29 25 26 20 21 19 20 17 18 16 16 14 15 12 13 11 11
 10 10 10 10 10 10  9  9]"
2024-10-17 16:21:24.745051,"(-59, -10)","(3541, 2842)","[17 10 18 18 15 16 16 15 20 19 22 22 21 22 17 19 16 17 16 16 14 15 13 13
 12 12 11 11 10 10 11 11 10 11 10 10 12 11 12 12 12 12 11 11 10 10 10 10
 11 10 11 11 11 11 12 12 12 12 11 11 10 10  9 10  9  9 10  9 11 11 10 11
  9  9  9  9 12 11 13 12 17 15 22 20 24 23 31 28 34 34 35 35 36 35 38 38
 36 38 32 35 28 30 23 26 18 21 17 17 15 16 14 15 13 14 12 13 10 11  9 10
  8  9  8  8  9  9  9  9]"
2024-10-17 16:21:39.624483,"(-75, -11)","(3411, 2856)","[17  9 18 18 15 16 16 15 20 19 22 22 21 22 17 19 16 17 16 16 14 15 13 13
 12 12 11 11 10 10 11 11 10 11 10 10 12 11 12 12 12 12 11 11 10 10 10 10
 11 10 11 11 11 11 12 12 12 12 11 11 10 10  9 10  9  9 10  9 11 11 10 11
  9  9  9  9 12 11 13 12 14 15 13 14 18 17 21 19 23 23 25 23 35 30 39 38
 38 39 32 35 26 29 22 23 17 20 16 17 15 15 13 14 12 13 11 12 10 11 10 10
  9  9  9  9  9  9  9  9]"
2024-10-17 16:22:14.820074,"(90, 15)","(1231, 2556)","[17  7 18 19 15 16 16 14 20 19 22 22 21 22 17 19 17 17 17 17 15 16 14 15
 12 13 11 12 10 11 11 11 10 11 10 10 12 11 12 12 12 12 11 11 10 10 10 10
 11 10 11 11 11 11 12 12 12 12 11 11 10 10  9 10  9  9 10  9 11 11 10 11
  9  9  9  9 12 11 13 12 14 15 13 14 12 13 16 11 29 23 39 35 40 40 38 40
 33 36 27 30 23 25 16 21 16 16 14 15 12 13 11 12 11 12 10 11  9  9  8  9
  7  8  8  7  9  9  9  9]"
2024-10-17 16:22:28.381288,"(80, 14)","(1152, 2565)","[17  5 18 19 15 16 16 14 20 19 22 22 21 22 17 19 17 17 16 17 16 16 15 15
 14 14 12 13 11 12 11 11 10 11 10 10 12 11 12 12 12 12 11 11 10 10 10 10
 11 10 11 11 11 11 12 12 12 12 11 11 10 10  9 10 13  9 16 15 11 16 15 11
 14 15 14 14 12 11 13 12 14 15 13 14 12 13 17 11 26 20 34 31 35 35 32 34
 27 29 23 25 20 22 15 19 14 15 13 14 12 12 11 11 11 12 10 11 10 10  9 10
  9  9  9  9  9  9  9  9]"
2024-10-17 16:22:42.146383,"(68, 13)","(1049, 2579)","[18 17 18 19 15 17 16 14 20 19 22 22 21 22 17 19 17 17 17 17 16 17 15 16
 14 15 13 13 11 12 11 11 10 11 10 10 12 11 12 12 12 12 11 11 10 10 10 10
 11 10 11 11 11 11 12 12 12 12 11 11 10 10  9 10  9  9 10  9 11 11 10 11
  9  9  9  9 12 11 13 12 14 15 13 14 12 13 15 11 28 21 39 35 41 41 39 40
 33 37 27 30 23 25 20 21 15 18 14 15 13 13 12 12 11 12 11 11 11 11  9 10
  8  9  8  8  9  9  9  9]"
2024-10-17 16:22:56.115943,"(55, 13)","(922, 2578)","[17 16 18 19 15 17 16 14 20 19 22 22 21 22 17 19 17 17 17 17 16 16 14 15
 13 14 11 12 10 11 11 11 10 11 10 10 12 11 12 12 12 12 11 11 10 10 10 10
 11 10 11 11 11 11 12 12 12 12 11 11 10 10  9 10  9  9 10  9 11 11 10 11
  9  9  9  9 12 11 13 12 14 15 13 14 12 13 14 11 31 22 43 38 45 44 42 44
 36 40 29 32 25 27 21 23 16 20 15 16 14 14 12 13 11 12 10 11  9  9  8  8
  8  8  8  8  9  9  9  9]"
2024-10-17 16:23:11.099804,"(42, 13)","(770, 2577)","[17 11 18 19 15 16 16 14 20 19 22 22 21 22 17 19 16 17 16 16 14 15 13 13
 12 12 11 11 10 10 11 11 10 11 10 10 12 11 12 12 12 12 11 11 10 10 10 10
 11 10 11 11 11 11 12 12 12 12 11 11 10 10  9 10  9  9 10  9 11 11 10 11
  9  9  9  9 12 11 13 12 14 15 13 14 12 13 17 11 34 25 45 41 47 47 45 47
 40 43 35 37 30 32 26 28 20 24 19 20 17 18 15 16 13 14 12 12 11 11  9 10
  7  8  8  7  9  9  9  9]"
2024-10-17 16:23:24.865834,"(30, 15)","(601, 2554)","[17 10 18 19 15 16 16 14 20 19 22 22 21 22 17 19 16 17 16 16 15 15 13 14
 12 12 11 11 11 11 11 11 10 11 10 10 12 11 12 12 12 12 11 11 10 10 10 10
 11 10 11 11 11 11 12 12 12 12 11 11 10 10  9 10  9  9 10  9 11 11 10 11
  9  9  9  9 12 11 13 12 14 15 13 14 12 13 18 11 28 22 36 32 38 37 36 37
 33 35 28 31 23 26 16 21 15 16 13 14 12 12 11 11 11 12 10 11  8  9  8  8
  8  7  8  8  9  9  9  9]"
2024-10-17 16:23:38.428973,"(20, 14)","(443, 2566)","[17 15 18 19 15 16 16 14 20 19 22 22 21 22 17 19 16 17 16 16 14 15 13 13
 12 12 11 11 10 10 11 11 10 11 10 10 12 11 12 12 12 12 11 11 10 10 10 10
 11 10 11 11 11 11 12 12 12 12 11 11 10 10  9 10  9  9 10  9 11 11 10 11
  9  9  9  9 12 11 13 12 14 15 13 14 12 13 17 11 31 24 42 38 44 43 42 43
 37 40 31 34 26 29 22 24 16 19 14 15 13 14 13 13 13 13 13 13 12 12 11 12
 10 11 10 10 10 10  9  9]"
2024-10-17 16:23:52.193831,"(8, 13)","(235, 2578)","[17 14 18 19 15 17 16 15 20 19 22 22 21 22 17 19 16 17 16 16 14 15 13 13
 12 12 11 11 10 10 11 11 10 11 10 10 12 11 12 12 12 12 11 11 10 10 10 10
 11 10 11 11 11 11 12 12 12 12 11 11 10 10  9 10  9  9 10  9 11 11 10 11
  9  9  9  9 12 11 13 12 14 15 13 14 14 13 21 17 34 27 45 41 47 47 45 47
 39 43 32 35 26 29 18 24 18 18 16 17 15 15 14 14 14 14 14 14 13 13 12 13
 11 12 10 10  9  9  9  9]"
2024-10-17 16:24:06.162688,"(-5, 13)","(62, 2577)","[17 17 18 19 15 17 16 14 20 19 22 22 21 22 17 19 16 17 16 16 14 15 13 14
 12 13 11 12 10 11 11 11 10 11 10 10 12 11 12 12 12 12 11 11 10 10 10 10
 11 10 11 11 11 11 12 12 12 12 11 11 10 10  9 10  9  9 10  9 11 11 10 11
  9  9  9  9 12 11 13 12 14 15 13 14 15 13 21 17 33 25 43 39 44 45 41 43
 36 38 31 34 24 27 18 22 16 17 14 15 13 13 12 12 12 12 12 12 11 12 10 11
  9  9  9  9  9  9  9  9]"
2024-10-17 16:24:20.132541,"(-18, 13)","(3966, 2579)","[17  9 18 19 15 17 16 14 20 19 22 22 21 22 17 19 16 17 16 16 15 15 13 14
 12 12 11 11 10 10 11 11 10 11 10 10 12 11 12 12 12 12 11 11 10 10 10 10
 11 10 11 11 11 11 12 12 12 12 11 11 10 10  9 10  9  9 10  9 11 11 10 11
 13  9 14 14 12 11 13 12 14 15 13 14 12 13 16 11 28 19 41 36 44 43 42 43
 38 40 34 36 29 32 24 26 18 21 16 17 15 16 14 14 14 14 14 14 14 14 13 14
 11 12 10 11  9  9  9  9]"
2024-10-17 16:24:34.919784,"(-30, 15)","(3822, 2554)","[17 12 18 19 15 17 16 14 20 19 22 22 21 22 17 19 17 17 16 17 15 16 13 13
 12 12 11 11 10 10 11 11 10 11 10 10 12 11 12 12 12 12 11 11 10 10 10 10
 11 10 11 11 11 11 12 12 12 12 11 11 10 10  9 10  9  9 10  9 11 11 10 11
  9  9 14 13 16 15 18 17 14 18 13 14 12 13 11 11 22 10 33 28 39 36 41 41
 40 41 38 39 33 35 26 29 22 24 17 18 16 17 15 16 15 15 15 15 14 14 12 13
 11 11  9 10  9  9 11  9]"
2024-10-17 16:24:48.483295,"(-40, 14)","(3715, 2565)","[17 11 18 19 15 17 16 14 20 19 22 22 21 22 17 19 16 17 16 16 14 15 13 13
 12 12 11 11 10 10 11 11 10 11 10 10 12 11 12 12 12 12 11 11 10 10 10 10
 11 10 11 11 11 11 12 12 12 12 11 11 10 10 11 10 16 15 17 17 11 17 15 11
 14 15 13 14 12 11 13 12 14 15 13 14 12 13 17 15 16 16 18 17 37 28 42 41
 41 42 36 40 30 33 25 28 21 23 17 17 15 16 15 15 14 14 14 14 14 14 13 13
 11 12 10 11  9 10  9  9]"
2024-10-17 16:25:02.247811,"(-52, 13)","(3602, 2578)","[17  9 18 19 15 17 16 14 20 19 22 22 21 22 17 19 16 17 16 16 15 16 13 14
 12 12 11 11 10 10 11 11 10 11 10 10 12 11 12 12 12 12 11 11 10 10 10 10
 11 10 11 11 11 11 12 12 12 12 11 11 10 10 13 10 17 16 18 18 17 17 10 15
  9  9  9  9 12 11 13 12 14 15 13 14 12 13 19 16 24 22 30 27 41 36 44 43
 40 43 36 38 30 33 26 28 22 24 18 18 16 17 14 15 13 13 12 12 11 11  9 10
  9  9  9  9 17 15 19 18]"
2024-10-17 16:25:16.213557,"(-65, 13)","(3490, 2578)","[17  7 18 19 15 17 16 14 20 19 22 22 21 22 17 19 16 17 16 16 14 15 13 13
 12 12 11 11 10 10 11 11 10 11 10 10 12 11 12 12 12 12 11 11 10 10 10 10
 11 10 11 11 11 11 12 12 12 12 11 11 13 10 20 17 23 23 22 23 21 22 18 20
 16 17 11 11 12 11 13 12 14 15 13 14 12 13 15 11 24 18 32 28 40 36 46 44
 46 47 44 45 38 41 32 35 26 29 20 20 19 20 17 18 15 16 14 14 13 14 12 13
 11 12 11 11 10 10 10 10]"
2024-10-17 16:25:31.201850,"(-78, 13)","(3387, 2577)","[17 16 18 19 15 17 16 14 20 19 22 22 21 22 17 19 16 17 16 16 14 15 13 14
 12 12 11 12 11 11 11 11 10 11 10 10 12 11 12 12 12 12 11 11 10 10 10 10
 11 10 11 11 11 11 12 12 12 12 11 11 10 10 16 10 22 19 25 24 25 25 21 23
 18 20 17 17 19 18 22 21 20 22 19 20 20 19 23 21 28 24 38 32 49 44 52 51
 52 52 48 50 42 45 34 37 28 31 23 24 20 21 18 19 16 17 14 15 12 13 11 11
 11 11 17 16 21 19 25 24]"
2024-10-17 16:25:44.968792,"(-90, 15)","(3293, 2555)","[22 24 19 21 16 18 17 16 20 19 22 22 21 22 17 19 16 17 16 16 15 15 14 15
 13 14 11 12 10 11 11 11 10 11 10 10 12 11 12 12 12 12 11 11 10 10 10 10
 11 10 11 11 11 11 12 12 12 12 11 11 10 10  9 10 15  9 19 18 18 18 17 18
 17 17 17 17 23 20 24 24 22 23 19 20 12 17 18 12 29 23 43 36 52 48 53 53
 51 52 48 50 43 45 37 40 31 34 24 25 21 23 18 20 16 17 14 15 13 13 12 12
 12 12 18 17 22 20 24 24]"
2024-10-17 16:26:20.775974,"(80, -14)","(1151, 2836)","[17  8 18 19 15 17 16 15 20 19 22 22 21 22 17 19 16 17 16 16 14 15 13 13
 12 12 11 11 10 10 11 11 10 11 10 10 12 11 12 12 12 12 11 11 10 10 10 10
 11 10 11 11 11 11 12 12 12 12 11 11 10 10  9 10 14  9 15 15 11 11 10 11
  9  9  9  9 17 11 21 20 21 22 20 21 19 20 19 18 22 21 34 26 44 40 46 46
 44 45 41 43 36 39 31 33 28 30 21 22 20 21 18 19 16 17 15 16 13 14 11 12
 10 11 10 10 12  9 20 17]"
2024-10-17 16:26:34.542534,"(68, -13)","(1048, 2865)","[17  6 18 19 15 17 16 14 20 19 22 22 21 22 17 19 16 17 16 16 14 15 13 13
 12 12 11 11 10 10 11 11 10 11 10 10 12 11 12 12 12 12 11 11 10 10 10 10
 11 10 11 11 11 11 12 12 12 12 11 11 10 10  9 10 13  9 16 15 11 17 15 11
 15 15 14 15 17 15 19 19 14 18 13 14 18 18 24 21 28 26 34 30 42 38 44 43
 43 44 40 41 36 38 30 33 25 27 21 21 19 20 17 18 17 17 18 17 17 18 17 17
 15 16 14 14 26 21 29 29]"
2024-10-17 16:26:48.510454,"(55, -13)","(921, 2874)","[17 13 18 19 15 17 16 14 20 19 22 22 21 22 17 19 16 17 16 16 15 15 13 14
 12 12 11 11 11 11 11 11 10 11 10 10 12 11 12 12 12 12 11 11 10 10 10 10
 11 10 11 11 11 11 12 12 12 12 11 11 10 10  9 10  9  9 10  9 11 11 10 11
 14  9 17 15 21 19 24 23 24 24 22 23 20 21 22 20 28 26 32 30 35 34 34 35
 34 34 33 34 30 32 25 27 19 23 18 19 17 17 17 17 16 17 16 16 15 16 14 15
 13 14 12 12 10 11 10 10]"
2024-10-17 16:27:03.497034,"(42, -13)","(769, 2876)","[17 10 18 19 15 17 16 14 20 19 22 22 21 22 17 19 17 17 16 17 16 16 14 15
 12 13 11 11 10 10 11 11 10 11 10 10 12 11 12 12 12 12 11 11 10 10 10 10
 11 10 11 11 11 11 12 12 12 12 11 11 10 10  9 10  9  9 10  9 11 11 10 11
 14  9 17 15 18 18 19 18 22 20 23 23 22 22 20 21 21 18 26 24 28 27 27 27
 31 27 34 33 33 34 29 32 25 27 21 23 17 17 22 17 26 25 26 27 24 25 18 22
 17 18 15 16 13 14 12 12]"
2024-10-17 16:27:17.264350,"(30, -15)","(600, 2895)","[17  3 18 19 15 17 16 14 20 19 22 22 21 22 17 19 16 17 16 16 14 15 13 13
 12 12 11 11 10 10 11 11 10 11 10 10 12 11 12 12 12 12 11 11 10 10 10 10
 11 10 11 11 11 11 12 12 12 12 11 11 10 10  9 10  9  9 10  9 14 11 16 15
 16 16 14 15 20 17 21 21 25 21 30 28 30 30 31 30 32 32 32 32 32 32 33 32
 37 35 38 38 36 37 32 34 29 30 26 27 22 22 22 21 27 22 26 27 22 22 21 22
 21 21 19 20 17 18 16 17]"
2024-10-17 16:27:30.826232,"(20, -14)","(442, 2887)","[17  9 18 19 15 17 16 14 20 19 22 22 21 22 17 19 17 17 16 16 16 16 14 15
 12 13 11 11 11 11 11 11 10 11 10 10 12 11 12 12 12 12 11 11 10 10 10 10
 11 10 11 11 11 11 12 12 12 12 11 11 10 10  9 10  9  9 10  9 11 11 16 11
 17 16 18 18 18 18 19 17 28 22 33 32 33 33 35 34 35 36 34 35 32 33 31 31
 32 31 32 33 29 31 24 26 20 23 20 20 19 20 17 18 16 16 16 16 17 17 17 17
 16 17 16 16 15 15 14 15]"
2024-10-17 16:27:44.593766,"(8, -13)","(237, 2876)","[17  7 18 19 15 17 16 14 20 19 22 22 21 22 17 19 16 17 16 16 14 15 13 13
 12 12 11 11 10 10 11 11 10 11 10 10 12 11 12 12 12 12 11 11 10 10 10 10
 11 10 11 11 11 11 12 12 12 12 11 11 10 10  9 10  9  9 10  9 11 11 14 11
 16 15 21 18 26 24 28 26 33 30 37 36 38 38 38 38 36 38 34 35 32 32 34 32
 37 36 36 37 34 35 30 32 26 28 22 22 22 22 20 21 19 20 19 19 18 19 17 18
 16 16 21 20 17 21 16 17]"
2024-10-17 16:27:59.062550,"(-5, -13)","(52, 2876)","[17  9 18 19 15 17 16 14 20 19 22 22 21 22 17 19 16 17 16 16 14 15 13 14
 12 13 11 11 10 10 11 11 10 11 10 10 12 11 12 12 12 12 11 11 10 10 10 10
 11 10 11 11 11 11 12 12 12 12 11 11 10 10  9 10  9  9 10  9 11 11 10 11
  9  9  9  9 18 15 28 23 39 34 44 42 44 44 40 42 37 38 34 36 31 33 34 32
 37 37 35 36 31 33 26 28 22 24 21 21 20 20 19 20 18 19 17 18 16 17 15 15
 13 13 19 17 14 19 14 14]"
2024-10-17 16:28:14.033567,"(-18, -13)","(3974, 2875)","[17 10 18 19 15 17 16 14 20 19 22 22 21 22 17 19 16 17 16 16 14 15 13 13
 12 12 11 11 10 10 11 11 10 11 10 10 12 11 12 12 12 12 11 11 10 10 10 10
 11 10 11 11 11 11 12 12 12 12 11 11 10 10  9 10 14  9 17 16 17 17 16 16
 15 15 19 16 22 20 25 22 36 31 42 40 41 42 39 40 38 38 36 37 33 35 33 32
 35 35 34 35 31 33 28 30 22 27 21 21 20 20 19 19 18 18 16 17 15 16 13 14
 13 13 19 18 18 19 13 17]"
2024-10-17 16:28:27.803806,"(-30, -15)","(3822, 2896)","[17  8 18 19 15 17 16 14 20 19 22 22 21 22 17 19 16 17 16 16 14 15 13 13
 12 12 11 11 10 10 11 11 10 11 10 10 12 11 12 12 12 12 11 11 10 10 10 10
 11 10 11 11 11 11 12 12 12 12 11 11 10 10  9 10 14  9 16 15 15 15 17 16
 18 18 19 18 25 22 29 27 32 32 29 31 29 29 30 30 30 30 30 30 30 29 35 32
 38 38 38 39 35 37 30 32 27 28 22 22 20 21 18 19 17 17 15 16 14 15 13 14
 11 12 11 11 11 11 10 10]"
2024-10-17 16:28:41.368578,"(-40, -14)","(3715, 2886)","[17  5 18 19 15 17 16 14 20 19 22 22 21 22 17 19 16 17 16 16 14 15 13 13
 12 12 11 11 10 10 11 11 10 11 10 10 12 11 12 12 12 12 11 11 10 10 10 10
 11 10 11 11 11 11 12 12 12 12 11 11 10 10  9 10  9  9 10  9 14 11 18 17
 19 19 18 19 18 18 19 19 20 19 25 22 28 27 27 28 25 26 24 24 26 25 27 26
 32 28 34 34 31 33 28 30 26 28 23 25 19 19 18 18 16 17 14 15 12 13 11 11
 11 11 11 11 10 10  9  9]"
2024-10-17 16:28:55.135412,"(-52, -13)","(3602, 2877)","[17  8 18 19 15 17 16 14 20 19 22 22 21 22 17 19 16 17 16 16 14 15 13 13
 12 12 11 11 10 10 11 11 10 11 10 10 12 11 12 12 12 12 11 11 10 10 10 10
 11 10 11 11 11 11 12 12 12 12 11 11 10 10  9 10  9  9 10  9 11 11 15 11
 15 15 14 14 12 11 13 12 14 15 20 17 24 22 24 24 23 24 25 24 26 25 37 33
 38 38 36 37 31 34 27 28 25 25 23 24 18 19 16 17 14 15 13 13 11 12 10 10
  9  9  9  9  9  9  9  9]"
2024-10-17 16:29:09.106682,"(-65, -13)","(3490, 2876)","[17  7 18 19 15 17 16 14 20 19 22 22 21 22 17 19 16 17 16 16 14 15 13 13
 12 12 11 11 10 10 11 11 10 11 10 10 12 11 12 12 12 12 11 11 10 10 10 10
 11 10 11 11 11 11 12 12 12 12 11 11 10 10  9 10  9  9 10  9 11 11 10 11
 14  9 13 14 12 11 13 12 21 15 24 23 23 24 20 22 24 19 31 28 31 31 32 31
 35 36 33 34 27 30 23 25 18 22 17 18 16 17 15 16 14 14 13 13 11 12 10 11
  9 10  9  9  9  9  9  9]"
2024-10-17 16:29:23.076626,"(-78, -13)","(3387, 2875)","[17 12 18 19 15 17 16 14 20 19 22 22 21 22 17 19 16 17 16 16 14 15 13 13
 12 12 11 11 10 10 11 11 10 11 10 10 12 11 12 12 12 12 11 11 10 10 10 10
 11 10 11 11 11 11 12 12 12 12 11 11 10 10  9 10 14  9 15 15 11 11 15 11
 14 15 14 14 12 11 13 12 14 15 13 14 17 13 21 18 29 26 31 31 30 30 32 31
 32 33 27 30 22 24 16 20 15 16 14 15 12 13 11 12 11 12 11 11 10 10  9 10
  9  9  9  9  9  9  9  9]"
2024-10-17 16:30:00.179765,"(90, 18)","(1230, 2524)","[17  6 18 19 15 17 16 14 20 19 22 22 21 22 17 19 16 17 16 16 16 16 15 16
 14 15 13 14 11 12 11 11 10 11 10 10 12 11 12 12 12 12 11 11 10 10 10 10
 11 10 11 11 11 11 12 12 12 12 11 11 10 10  9 10 13  9 15 14 11 11 15 11
 14 15 14 14 12 11 13 12 14 15 13 14 12 13 11 11 20 10 33 27 38 36 39 39
 38 39 34 36 30 32 26 28 23 25 18 18 16 17 15 16 13 14 11 12 10 11  9 10
  8  8  8  8  9  9  9  9]"
2024-10-17 16:30:13.537998,"(81, 17)","(1161, 2534)","[17 10 18 19 15 17 16 14 20 19 22 22 21 22 17 19 16 17 16 16 16 16 15 16
 14 14 12 13 11 12 11 11 10 11 10 10 12 11 12 12 12 12 11 11 10 10 10 10
 11 10 11 11 11 11 12 12 12 12 11 11 10 10 12 10 15 14 17 17 17 17 10 16
  9  9  9  9 12 11 13 12 14 15 13 14 12 13 11 11 23 10 35 30 38 37 38 38
 37 38 34 36 29 32 25 26 22 23 17 17 15 16 14 15 12 13 12 12 11 12 11 11
 11 11 10 10 10 10  9  9]"
2024-10-17 16:30:26.895702,"(72, 16)","(1086, 2546)","[17 14 18 19 15 17 16 14 20 19 22 22 21 22 17 19 17 17 17 17 17 17 17 17
 16 16 15 16 14 15 12 13 10 11 10 10 12 11 12 12 12 12 11 11 10 10 10 10
 11 10 11 11 11 11 12 12 12 12 11 11 10 10  9 10  9  9 10  9 11 11 10 11
  9  9  9  9 12 11 13 12 14 15 13 14 12 13 14 11 23 16 34 30 36 35 34 35
 32 33 29 31 26 28 22 24 16 21 15 15 14 14 12 13 11 12 11 11 11 11 11 11
 11 11 11 11 10 11  9  9]"
2024-10-17 16:30:40.459915,"(61, 15)","(984, 2553)","[17 13 18 19 15 17 16 14 20 19 22 22 21 22 17 19 16 17 17 16 16 17 16 16
 15 15 13 14 12 13 11 12 10 11 10 10 12 11 12 12 12 12 11 11 10 10 10 10
 11 10 11 11 11 11 12 12 12 12 11 11 10 10  9 10  9  9 10  9 11 11 10 11
  9  9  9  9 12 11 13 12 14 15 13 14 12 13 15 11 25 19 35 31 38 37 36 37
 33 35 29 31 25 27 22 23 16 20 14 15 12 13 11 12 11 12 12 11 18 17 18 18
 17 18 12 12 12 12 11 11]"
2024-10-17 16:30:54.020866,"(50, 16)","(866, 2545)","[17  8 18 19 15 17 16 14 20 19 22 22 21 22 17 19 16 17 16 16 14 15 13 13
 12 12 11 11 11 11 11 11 10 11 10 10 12 11 12 12 12 12 11 11 10 10 10 10
 11 10 11 11 11 11 12 12 12 12 11 11 10 10  9 10  9  9 10  9 11 11 10 11
  9  9  9  9 12 11 13 12 14 15 13 14 12 13 14 11 24 18 32 28 35 34 34 35
 30 32 25 28 20 22 15 19 14 15 13 14 11 12 11 11 11 12 10 11  9  9  9  9
  9  9 10 10  9 10  9  9]"
2024-10-17 16:31:08.599546,"(40, 16)","(742, 2543)","[17 14 18 19 15 17 16 14 20 19 22 22 21 22 17 19 16 17 16 16 14 15 13 14
 13 13 12 12 11 12 11 11 10 11 10 10 12 11 12 12 12 12 11 11 10 10 10 10
 11 10 11 11 11 11 12 12 12 12 11 11 10 10  9 10  9  9 10  9 11 11 10 11
  9  9  9  9 12 11 13 12 14 15 13 14 12 13 11 11 20 10 29 25 31 30 29 30
 26 28 23 25 20 21 14 19 13 14 12 13 11 12 11 11 11 12 11 11 11 10 10 11
 10 10  9  9  9  9  9  9]"
2024-10-17 16:31:22.661499,"(30, 18)","(602, 2524)","[17 12 18 19 15 17 16 14 20 19 22 22 21 22 17 19 16 17 16 16 14 15 13 13
 12 12 11 11 11 11 11 11 10 11 10 10 12 11 12 12 12 12 11 11 10 10 10 10
 11 10 11 11 11 11 12 12 12 12 11 11 10 10  9 10  9  9 10  9 11 11 10 11
  9  9  9  9 12 11 13 12 14 15 13 14 12 13 11 11 17 10 23 20 25 24 27 26
 26 27 24 25 20 22 17 19 13 16 12 13 11 12 11 11 11 12 10 11  9  9  9  9
  8  9  8  8  9  9  9  9]"
2024-10-17 16:31:36.019426,"(21, 17)","(459, 2534)","[17 10 18 19 15 17 16 14 20 19 22 22 21 22 17 19 16 17 16 16 14 15 13 13
 12 12 12 12 11 11 11 11 10 11 10 10 12 11 12 12 12 12 11 11 10 10 10 10
 11 10 11 11 11 11 12 12 12 12 11 11 10 10  9 10  9  9 10  9 11 11 10 11
  9  9  9  9 12 11 13 12 14 15 13 14 12 13 11 11 15 10 25 20 30 28 30 30
 27 29 24 26 22 23 20 21 17 18 13 13 13 13 13 13 12 12 12 12 11 11 10 11
  9 10  9  9  9  9  9  9]"
2024-10-17 16:31:49.378594,"(12, 16)","(307, 2545)","[17 14 18 19 15 17 16 14 20 19 22 22 21 22 17 19 16 17 16 16 14 15 13 13
 12 12 11 12 11 11 11 11 10 11 10 10 12 11 12 12 12 12 11 11 10 10 10 10
 11 10 11 11 11 11 12 12 12 12 11 11 10 10  9 10  9  9 10  9 11 11 10 11
  9  9  9  9 12 11 13 12 14 15 13 14 12 13 15 11 21 17 30 26 34 32 34 34
 32 33 30 31 27 28 24 25 20 22 16 16 15 15 14 14 12 13 11 12 10 11  9 10
  8  8  8  8  9  9  9  9]"
2024-10-17 16:32:03.942862,"(1, 15)","(170, 2552)","[17 10 18 19 15 17 16 14 20 19 22 22 21 22 17 19 16 17 16 16 14 15 14 14
 13 13 12 13 11 12 11 11 10 11 10 10 12 11 12 12 12 12 11 11 10 10 10 10
 11 10 11 11 11 11 12 12 12 12 11 11 10 10  9 10  9  9 10  9 11 11 15 11
 15 15 14 14 12 11 13 12 14 15 13 14 17 17 17 17 22 17 33 27 40 37 41 41
 39 41 35 37 30 32 25 27 18 22 16 17 14 15 12 13 11 12 10 11  8  9  7  8
  7  7  8  7  9  9  9  9]"
2024-10-17 16:32:18.524607,"(-10, 16)","(4090, 2545)","[17  7 18 19 15 17 16 14 20 19 22 22 21 22 17 19 16 17 16 16 14 15 13 14
 12 13 12 12 11 11 11 11 10 11 10 10 12 11 12 12 12 12 11 11 10 10 10 10
 11 10 11 11 11 11 12 12 12 12 11 11 10 10  9 10 13  9 14 14 11 11 15 11
 15 15 14 14 12 11 13 12 14 15 13 14 12 13 16 11 23 19 29 26 31 30 35 34
 35 35 33 34 27 30 23 25 19 21 15 16 14 15 13 13 12 12 11 11 10 10  9 10
  9  9  9  9  9  9  9  9]"
2024-10-17 16:32:32.089376,"(-20, 16)","(3947, 2544)","[17 13 18 19 15 17 16 14 20 19 22 22 21 22 17 19 16 17 16 16 14 15 13 14
 12 12 11 11 10 10 11 11 10 11 10 10 12 11 12 12 12 12 11 11 10 10 10 10
 11 10 11 11 11 11 12 12 12 12 11 11 10 10  9 10  9  9 10  9 11 11 14 11
 15 15 14 15 12 11 13 12 14 15 13 14 12 13 15 11 26 20 36 31 42 39 44 43
 42 44 37 40 31 34 25 28 19 23 18 18 16 17 14 15 12 13 11 12 10 10  9  9
  8  8  8  8  9  9  9  9]"
2024-10-17 16:32:45.653707,"(-30, 18)","(3822, 2524)","[17 10 18 19 15 17 16 14 20 19 22 22 21 22 17 19 16 17 17 17 17 17 16 16
 13 14 11 12 10 11 11 11 10 11 10 10 12 11 12 12 12 12 11 11 10 10 10 10
 11 10 11 11 11 11 12 12 12 12 11 11 10 10  9 10  9  9 10  9 11 11 15 11
 14 15 13 14 12 11 13 12 14 15 13 14 12 13 15 11 22 17 28 26 32 30 40 37
 41 42 38 40 32 36 27 29 22 24 17 17 16 16 14 15 13 14 11 12 10 11 10 10
  9  9  9  9  9  9  9  9]"
2024-10-17 16:32:59.013376,"(-39, 17)","(3725, 2534)","[17 11 18 19 15 17 16 14 20 19 22 22 21 22 17 19 16 17 16 16 14 15 13 13
 12 12 11 11 11 11 11 11 10 11 10 10 12 11 12 12 12 12 11 11 10 10 10 10
 11 10 11 11 11 11 12 12 12 12 11 11 13 10 17 15 20 20 18 19 17 18 16 16
 15 15 10 10 12 11 13 12 14 15 13 14 12 13 11 11 17 10 29 21 37 33 38 38
 35 38 31 33 27 29 22 24 17 21 16 17 15 16 13 14 12 12 11 11 10 11 10 10
  9  9  8  8  9  9  9  9]"
2024-10-17 16:33:13.390122,"(-48, 16)","(3637, 2544)","[17 12 18 19 15 17 16 14 20 19 22 22 21 22 17 19 16 17 16 16 14 15 13 13
 12 12 12 12 11 11 11 11 10 11 10 10 12 11 12 12 12 12 11 11 10 10 10 10
 11 10 11 11 11 11 12 12 12 12 11 11 10 10 13 10 16 15 15 16 11 11 10 11
 10 10 10 10 12 11 13 12 14 15 13 14 21 18 24 23 26 25 28 28 29 28 36 34
 36 36 33 35 29 31 24 26 17 22 16 17 14 15 12 13 11 12 10 11  9  9  8  9
  8  8  8  8 12  9 16 14]"
2024-10-17 16:33:26.954156,"(-59, 15)","(3541, 2554)","[17 10 18 19 15 17 16 14 20 19 22 22 21 22 17 19 16 17 16 16 14 15 13 14
 12 13 11 12 10 11 11 11 10 11 10 10 12 11 12 12 12 12 11 11 10 10 10 10
 11 10 11 11 11 11 12 12 12 12 11 11 10 10 19 15 25 23 25 25 24 24 22 23
 20 21 18 19 12 17 13 12 14 15 13 14 12 13 18 11 31 27 36 35 38 37 40 39
 37 39 32 35 27 29 19 25 18 19 16 17 15 15 14 14 13 14 13 13 12 13 11 12
 10 11 10 10  9  9  9  9]"
2024-10-17 16:33:40.516656,"(-70, 16)","(3452, 2545)","[17  8 18 19 15 17 16 14 20 19 22 22 21 22 17 19 16 17 16 16 14 15 13 13
 12 12 11 11 10 10 11 11 11 11 10 10 12 11 12 12 12 12 11 11 10 10 10 10
 11 10 11 11 11 11 12 12 12 12 11 11 11 10 20 16 26 25 27 27 25 26 21 23
 19 20 17 18 12 16 13 12 14 15 13 14 14 13 26 20 36 33 39 38 42 40 41 41
 40 41 39 40 36 37 31 34 25 28 20 21 18 19 15 16 14 14 12 13 11 12 10 10
 10 10 10 10 10 10 10 10]"
2024-10-17 16:33:54.080034,"(-80, 16)","(3372, 2545)","[17 14 18 19 15 17 16 14 20 19 22 22 21 22 17 19 16 17 16 16 14 15 13 13
 12 12 11 11 10 10 11 11 10 11 10 10 12 11 12 12 12 12 11 11 10 10 10 10
 11 10 11 11 11 11 12 12 12 12 11 11 11 10 16 14 19 18 23 21 23 24 21 22
 18 19 15 16 15 11 19 18 20 20 18 19 19 18 30 24 40 36 45 43 45 45 44 45
 44 44 43 44 39 41 34 36 28 31 23 24 20 21 17 18 15 16 14 14 12 13 10 11
  9 10  9  9 13  9 16 16]"
2024-10-17 16:34:07.643422,"(-90, 18)","(3293, 2522)","[17 11 18 19 15 17 16 14 20 19 22 22 21 22 17 19 16 17 16 16 15 15 14 15
 13 14 14 13 13 14 13 13 13 13 12 12 12 12 12 12 12 12 11 11 10 10 10 10
 11 10 11 11 11 11 12 12 12 12 11 11 10 10 14 10 23 20 28 26 27 28 24 26
 21 22 19 20 19 18 22 21 20 22 18 19 17 13 21 18 27 25 42 32 51 47 51 52
 49 51 44 47 38 41 32 35 27 29 22 23 20 21 18 19 17 18 17 17 15 16 14 15
 13 13 11 12 11 11 11 11]"
2024-10-17 16:34:43.658199,"(81, -17)","(1160, 2870)","[17  7 18 19 15 17 16 14 20 19 22 22 21 22 17 19 16 17 16 16 14 15 13 13
 12 12 11 11 10 10 11 11 10 11 10 10 12 11 12 12 12 12 11 11 10 10 10 10
 11 10 11 11 11 11 12 12 12 12 11 11 10 10 15 10 18 17 18 19 18 18 17 17
 16 16 14 15 16 11 19 18 14 19 13 14 18 16 24 21 32 28 41 36 46 44 47 47
 44 46 41 42 36 38 32 34 28 30 21 22 19 20 17 18 16 16 16 16 15 16 14 15
 13 13 11 12 11 11 11 11]"
2024-10-17 16:34:57.020351,"(72, -16)","(1085, 2869)","[17  5 18 19 15 17 16 14 20 19 22 22 21 22 17 19 16 17 16 16 15 16 15 15
 13 14 12 13 11 11 11 11 10 11 10 10 12 11 12 12 12 12 11 11 10 10 10 10
 11 10 11 11 11 11 12 12 12 12 11 11 10 10  9 10 16  9 17 17 17 17 15 16
 14 15  9  9 16 11 20 19 14 19 13 14 16 13 22 20 25 23 34 28 43 39 46 45
 44 45 40 43 33 37 27 30 20 24 19 20 17 18 15 16 15 15 16 16 16 16 14 15
 12 13 12 12 24 20 28 27]"
2024-10-17 16:35:10.582731,"(61, -15)","(983, 2879)","[17  9 18 19 15 17 16 14 20 19 22 22 21 22 17 19 16 17 16 16 15 16 14 15
 13 14 11 12 10 10 11 11 10 11 10 10 12 11 12 12 12 12 11 11 10 10 10 10
 11 10 11 11 11 11 12 12 12 12 11 11 10 10 12 10 15 14 14 15 11 11 10 11
  9  9  9  9 16 11 19 18 14 19 13 14 18 18 18 18 19 19 24 21 34 29 38 37
 38 38 35 37 31 34 26 28 22 24 18 18 18 18 18 18 23 18 24 24 18 23 18 18
 17 18 15 16 13 14 13 13]"
2024-10-17 16:35:24.644687,"(50, -16)","(866, 2896)","[17  9 18 19 15 17 16 14 20 19 22 22 21 22 17 19 16 17 16 16 15 16 14 15
 13 14 11 13 10 11 11 11 10 11 10 10 12 11 12 12 12 12 11 11 10 10 10 10
 11 10 11 11 11 11 12 12 12 12 11 11 10 10  9 10  9  9 10  9 17 15 16 17
 15 16 14 14 20 17 21 21 20 20 20 20 19 19 17 18 19 17 26 22 33 30 35 35
 35 36 34 35 31 33 28 29 24 26 18 18 17 17 15 16 15 15 14 14 13 14 13 13
 12 13 12 12 11 11 12 11]"
2024-10-17 16:35:38.209095,"(40, -16)","(742, 2897)","[17  9 18 19 15 17 16 14 20 19 22 22 21 22 17 19 16 17 16 16 15 16 14 14
 12 13 11 11 10 10 11 11 10 11 10 10 12 11 12 12 12 12 11 11 10 10 10 10
 11 10 11 11 11 11 12 12 12 12 11 11 10 10  9 10  9  9 10  9 11 11 10 11
 16  9 23 20 26 25 26 26 25 26 24 25 24 24 22 23 20 21 28 22 34 31 33 33
 32 32 33 32 32 33 31 32 29 30 25 27 19 23 18 18 18 18 18 18 17 17 16 16
 15 16 14 15 13 14 13 13]"
2024-10-17 16:35:51.770743,"(30, -18)","(601, 2900)","[17  9 18 19 15 17 16 14 20 19 22 22 21 22 17 19 16 17 16 16 14 15 13 13
 12 12 11 11 10 10 11 11 10 11 10 10 12 11 12 12 12 12 11 11 10 10 10 10
 11 10 11 11 11 11 12 12 12 12 11 11 10 10  9 10  9  9 10  9 11 11 10 11
 14  9 15 14 23 19 23 23 24 23 28 26 29 28 30 29 30 30 33 31 36 35 36 36
 37 36 37 37 35 36 30 32 28 29 23 26 20 20 22 19 26 25 26 26 20 25 20 20
 20 20 19 19 17 18 15 16]"
2024-10-17 16:36:05.133482,"(21, -17)","(459, 2901)","[17 12 18 19 15 17 16 14 20 19 22 22 21 22 17 19 16 17 16 16 14 15 13 13
 12 12 11 11 10 10 11 11 10 11 10 10 12 11 12 12 12 12 11 11 10 10 10 10
 11 10 11 11 11 11 12 12 12 12 11 11 10 10  9 10  9  9 10  9 11 11 10 11
  9  9 20 14 27 24 31 29 37 34 38 38 37 38 36 36 36 36 37 36 38 38 36 37
 35 36 33 34 29 31 27 28 22 25 22 22 21 22 19 20 17 18 16 17 15 15 14 14
 14 14 14 14 12 13 11 12]"
2024-10-17 16:36:18.494831,"(12, -16)","(306, 2904)","[17 11 18 19 15 17 16 14 20 19 22 22 21 22 17 19 16 17 16 16 14 15 13 13
 12 12 11 11 10 10 11 11 10 11 10 10 12 11 12 12 12 12 11 11 10 10 10 10
 11 10 11 11 11 11 12 12 12 12 11 11 10 10  9 10  9  9 10  9 11 11 10 11
  9  9 15 13 19 16 28 24 36 33 40 38 41 41 38 40 36 36 35 35 34 35 32 33
 31 31 30 31 28 29 27 27 26 26 21 21 20 20 19 20 19 19 17 18 16 17 14 15
 12 13 11 11 11 11 10 10]"
2024-10-17 16:36:32.055658,"(1, -15)","(171, 2897)","[17  9 18 19 15 17 16 14 20 19 22 22 21 22 17 19 16 17 16 16 14 15 13 13
 12 12 11 11 10 10 11 11 10 11 10 10 12 11 12 12 12 12 11 11 10 10 10 10
 11 10 11 11 11 11 12 12 12 12 11 11 10 10 11 10 16 14 16 17 11 15 10 11
  9  9 16 14 20 18 25 21 33 31 38 35 40 39 37 39 33 34 32 32 31 32 31 31
 31 32 29 30 27 28 25 26 20 23 19 19 17 18 15 16 20 15 20 21 16 16 15 15
 14 15 13 14 12 13 16 12]"
2024-10-17 16:36:45.617540,"(-10, -16)","(4088, 2910)","[17  8 19 19 15 17 16 14 20 19 22 22 21 22 17 19 16 17 16 16 14 15 13 14
 12 13 11 11 10 10 11 11 10 11 10 10 12 11 12 12 12 12 11 11 10 10 10 10
 11 10 11 11 11 11 12 12 12 12 11 11 10 10  9 10  9  9 10  9 16 11 17 17
 16 17 21 17 29 25 33 31 39 35 44 42 43 44 39 41 34 36 30 32 31 30 37 35
 38 38 36 38 31 34 27 29 23 26 22 22 21 21 20 21 18 19 17 18 15 16 18 15
 21 21 20 21 15 15 14 15]"
2024-10-17 16:36:59.184317,"(-20, -16)","(3948, 2909)","[17 12 19 19 15 17 16 14 20 19 22 22 21 22 17 19 16 17 16 16 14 15 13 13
 12 12 11 11 10 10 11 11 10 11 10 10 12 11 12 12 12 12 11 11 10 10 10 10
 11 10 11 11 11 11 12 12 12 12 11 11 10 10  9 10 14  9 19 17 22 21 22 22
 21 21 22 21 25 24 28 26 35 33 37 37 37 37 35 36 30 33 26 27 18 24 24 18
 26 25 28 27 27 28 24 26 20 22 19 19 19 19 19 19 17 18 15 16 13 14 12 13
 17 12 21 20 20 21 13 18]"
2024-10-17 16:37:12.753332,"(-30, -18)","(3823, 2920)","[17  4 19 19 15 17 16 14 20 19 22 22 21 22 17 19 16 17 16 16 14 15 13 13
 12 12 11 11 10 10 11 11 10 11 10 10 12 11 12 12 12 12 11 11 10 10 10 10
 11 10 11 11 11 11 12 12 12 12 11 11 10 10  9 10  9  9 16 14 17 17 16 16
 16 16 15 15 20 17 26 23 28 28 27 28 30 29 31 31 29 30 28 28 27 27 28 27
 32 31 33 33 30 32 26 28 24 25 20 20 19 19 17 18 15 16 14 15 12 13 11 12
 11 11 10 11  9 10  9  9]"
2024-10-17 16:37:26.114666,"(-39, -17)","(3725, 2918)","[17 12 19 19 15 17 16 14 20 19 22 22 21 22 17 19 16 17 16 16 14 15 13 13
 12 12 11 11 10 10 11 11 10 11 10 10 12 11 12 12 12 12 11 11 10 10 10 10
 11 10 11 11 11 11 12 12 12 12 11 11 10 10  9 10 12  9 14 14 11 11 10 11
  9  9 14 12 21 18 23 22 23 23 22 22 21 21 22 22 21 22 19 20 25 22 32 29
 34 34 32 33 29 31 27 28 25 26 22 24 17 18 16 17 14 15 13 13 12 12 11 11
 10 10  9  9  9  9  9  9]"
2024-10-17 16:37:39.474941,"(-48, -16)","(3638, 2910)","[17 10 19 19 15 17 16 14 20 19 22 22 21 22 17 19 16 17 16 16 14 15 13 13
 12 12 11 11 10 10 11 11 10 11 10 10 12 11 12 12 12 12 11 11 10 10 10 10
 11 10 11 11 11 11 12 12 12 12 11 11 10 10  9 10  9  9 10  9 11 11 10 11
  9  9  9  9 12 11 18 12 24 22 26 26 25 26 24 24 24 24 24 24 30 27 33 32
 33 33 33 33 30 31 26 28 23 24 18 18 17 18 15 16 14 14 13 13 12 12 11 11
 10 10  9  9  9  9  9  9]"
2024-10-17 16:37:53.039187,"(-59, -15)","(3541, 2899)","[17  9 19 19 15 17 16 14 20 19 22 22 21 22 17 19 16 17 16 16 14 15 13 13
 12 12 11 11 10 10 11 11 10 11 10 10 12 11 12 12 12 12 11 11 10 10 10 10
 11 10 11 11 11 11 12 12 12 12 11 11 10 10  9 10  9  9 10  9 11 11 10 11
  9  9  9  9 12 11 13 12 14 15 13 14 15 13 24 19 32 29 34 34 32 33 36 35
 36 37 33 35 29 32 25 27 18 22 17 18 16 16 14 15 14 14 12 13 11 12 10 11
  9 10  9  9  9  9  9  9]"
2024-10-17 16:38:06.604338,"(-70, -16)","(3452, 2911)","[17 10 19 19 15 17 16 14 20 19 22 22 21 22 17 19 16 17 16 16 14 15 13 13
 12 12 11 11 10 10 11 11 10 11 10 10 12 11 12 12 12 12 11 11 10 10 10 10
 11 10 11 11 11 11 12 12 12 12 11 11 10 10  9 10  9  9 10  9 11 11 10 11
  9  9  9  9 12 11 13 12 14 15 13 14 23 20 27 25 30 29 30 30 30 30 32 32
 31 32 29 30 25 27 21 23 16 20 14 15 13 13 12 12 11 12 10 11 15 10 17 17
 17 18 16 17 11 15 11 11]"
2024-10-17 16:38:20.167028,"(-80, -16)","(3373, 2912)","[17  8 19 19 15 17 16 14 20 19 22 22 21 22 17 19 16 17 16 16 14 15 13 13
 12 12 11 11 10 10 11 11 10 11 10 10 12 11 12 12 12 12 11 11 10 10 10 10
 11 10 11 11 11 11 12 12 12 12 11 11 10 10  9 10  9  9 10  9 11 11 14 11
 15 15 15 15 12 14 13 12 14 15 13 14 12 13 19 15 24 22 27 25 31 29 34 33
 32 33 29 31 26 27 22 24 19 21 15 16 14 14 12 13 11 12 11 11 11 11 16 11
 17 17 12 12 12 12 11 11]"
2024-10-17 16:38:55.983540,"(90, 21)","(1230, 2490)","[17 11 19 19 15 17 16 14 20 19 22 22 21 22 17 19 16 17 16 16 15 15 14 15
 14 14 13 13 12 12 11 12 10 11 10 10 12 11 12 12 12 12 11 11 10 10 10 10
 11 10 11 11 11 11 12 12 12 12 11 11 10 10  9 10  9  9 10  9 11 11 10 11
  9  9  9  9 12 11 13 12 14 15 13 14 12 13 11 11 10 10 20 15 20 21 21 19
 26 24 28 28 25 27 21 23 20 21 17 19 13 13 12 13 11 12 10 11  9 10 10 10
 10 10 10 10 10 10 10 10]"
2024-10-17 16:39:09.140034,"(83, 20)","(1176, 2502)","[17  8 19 19 15 17 16 14 20 19 22 22 21 22 17 19 16 17 16 16 14 15 14 14
 13 13 12 12 11 11 11 11 10 11 10 10 12 11 12 12 12 12 11 11 10 10 10 10
 11 10 11 11 11 11 12 12 12 12 11 11 10 10  9 10  9  9 10  9 11 11 10 11
  9  9  9  9 12 11 13 12 14 15 13 14 12 13 11 11 10 10 21 15 24 23 24 23
 26 24 26 26 23 24 22 22 20 22 17 19 12 12 11 11 11 12 11 11 11 11 11 11
 11 11 10 11  9 10  9  9]"
2024-10-17 16:39:23.315210,"(75, 19)","(1110, 2513)","[17 10 19 19 15 17 16 14 20 19 22 22 21 22 17 19 16 17 16 16 14 15 14 14
 13 13 12 12 11 11 11 11 10 11 10 10 12 11 12 12 12 12 11 11 10 10 10 10
 11 10 11 11 11 11 12 12 12 12 11 11 10 10  9 10  9  9 10  9 11 11 10 11
  9  9  9  9 12 11 13 12 14 15 13 14 12 13 11 11 14 10 22 18 26 24 26 26
 25 26 24 24 21 23 18 20 12 16 12 12 12 12 12 12 12 12 12 12 12 12 12 12
 13 13 13 13 12 12 11 12]"
2024-10-17 16:39:36.675681,"(66, 18)","(1030, 2524)","[17 13 19 19 15 17 16 14 20 19 22 22 21 22 17 19 16 17 16 16 15 15 14 14
 13 13 12 12 11 11 11 11 10 11 10 10 12 11 12 12 12 12 11 11 10 10 10 10
 11 10 11 11 11 11 12 12 12 12 11 11 10 10  9 10  9  9 10  9 11 11 10 11
  9  9  9  9 12 11 13 12 14 15 13 14 12 13 11 11 18 10 23 20 27 25 27 27
 25 26 22 24 20 21 19 20 17 18 12 12 12 12 12 12 12 12 12 12 11 11 10 11
 10 10  9  9  9  9  9  9]"
2024-10-17 16:39:51.054930,"(57, 18)","(940, 2523)","[17  9 19 19 15 17 16 14 20 19 22 22 21 22 17 19 16 17 16 16 14 15 14 14
 13 13 12 12 11 11 11 11 11 11 11 11 12 12 12 12 12 12 11 11 10 10 10 10
 11 10 11 11 11 11 12 12 12 12 11 11 10 10  9 10  9  9 10  9 11 11 10 11
  9  9  9  9 12 11 13 12 14 15 13 14 12 13 11 11 10 10 24 17 29 27 29 29
 28 28 24 26 21 23 20 21 17 18 12 12 12 12 12 12 11 12 11 11 11 11 11 11
 11 11 10 10  9 10  9  9]"
2024-10-17 16:40:04.616295,"(47, 18)","(828, 2523)","[17 13 19 19 15 17 16 14 20 19 22 22 21 22 17 19 16 17 16 16 14 15 13 13
 12 12 11 11 10 11 11 11 10 11 10 10 12 11 12 12 12 12 11 11 10 10 10 10
 11 10 11 11 11 11 12 12 12 12 11 11 10 10  9 10  9  9 10  9 11 11 10 11
  9  9  9  9 12 11 13 12 14 15 13 14 12 13 11 11 17 10 27 22 29 28 26 27
 24 25 21 23 19 20 17 18 12 16 12 12 11 12 11 11 11 12 10 11 14 10 16 15
 17 17 16 16 10 15 10 10]"
2024-10-17 16:40:17.775832,"(39, 19)","(726, 2514)","[17  6 19 19 15 17 16 14 20 19 22 22 21 22 17 19 16 17 16 16 14 15 13 13
 12 12 11 11 11 11 11 11 10 11 10 10 12 11 12 12 12 12 11 11 10 10 10 10
 11 10 11 11 11 11 12 12 12 12 11 11 10 10  9 10  9  9 10  9 11 11 10 11
  9  9  9  9 12 11 13 12 14 15 13 14 12 13 11 11 15 10 22 18 24 23 22 23
 21 21 20 21 19 20 17 18 12 16 12 12 11 11 11 11 11 12 10 11  8  9  8  8
  8  8  8  8  9  9  9  9]"
2024-10-17 16:40:32.154026,"(30, 21)","(599, 2491)","[17 12 19 19 15 17 16 14 20 19 22 22 21 22 17 19 16 17 16 16 14 15 13 13
 12 12 11 11 10 10 11 11 10 11 10 10 12 11 12 12 12 12 11 11 10 10 10 10
 11 10 11 11 11 11 12 12 12 12 11 11 10 10  9 10  9  9 10  9 11 11 10 11
  9  9  9  9 12 11 13 12 14 15 13 14 12 13 11 11 10 10 15 13 23 19 29 27
 30 31 29 30 27 28 23 25 19 21 14 14 13 14 12 13 11 12 10 11  9  9  9  9
  9  9  9  9  9  9  9  9]"
2024-10-17 16:40:45.311233,"(23, 20)","(505, 2502)","[17  9 19 19 15 17 16 14 20 19 22 22 21 22 17 19 16 17 16 16 14 15 13 13
 12 12 11 11 11 11 11 11 11 11 11 11 12 12 12 12 12 12 11 11 10 10 10 10
 11 10 11 11 11 11 12 12 12 12 11 11 10 10  9 10  9  9 10  9 11 11 10 11
  9  9  9  9 12 11 13 12 14 15 13 14 12 13 11 11 10 10 20 14 29 25 33 32
 32 33 29 31 26 27 23 24 20 22 15 15 14 14 12 13 11 12 10 11  8  9  8  8
  7  7  8  7  9  9  9  9]"
2024-10-17 16:40:58.466438,"(15, 19)","(355, 2514)","[17 10 19 19 15 17 16 14 20 19 22 22 21 22 17 19 16 17 16 16 14 15 13 13
 12 12 11 11 10 10 11 11 10 11 10 10 12 11 12 12 12 12 11 11 10 10 10 10
 11 10 11 11 11 11 12 12 12 12 11 11 10 10  9 10  9  9 10  9 11 11 10 11
  9  9  9  9 12 11 13 12 14 15 13 14 12 13 11 11 10 10 17 15 20 18 31 27
 32 33 31 32 28 30 24 26 19 22 14 14 13 14 12 13 11 12 10 11  9 10  9  9
  8  8  8  8  9  9  9  9]"
2024-10-17 16:41:11.824489,"(6, 18)","(203, 2526)","[17  9 19 19 15 17 16 14 20 19 22 22 21 22 17 19 16 17 16 16 14 15 13 13
 12 12 11 11 10 10 11 11 10 11 10 10 12 11 12 12 12 12 11 11 10 10 10 10
 11 10 11 11 11 11 12 12 12 12 11 11 10 10  9 10  9  9 10  9 11 11 10 11
  9  9  9  9 12 11 13 12 14 15 13 14 12 13 11 11 18 10 27 23 28 28 27 27
 25 26 23 24 20 21 18 19 12 17 11 12 11 11 11 11 11 12 10 11  9  9  9  9
  9  9  9  9  9  9  9  9]"
2024-10-17 16:41:25.183042,"(-3, 18)","(107, 2524)","[17 10 19 19 15 17 16 14 20 19 22 22 21 22 17 19 16 17 16 16 14 15 13 13
 12 12 11 11 10 10 11 11 10 11 10 10 12 11 12 12 12 12 11 11 10 10 10 10
 11 10 11 11 11 11 12 12 12 12 11 11 10 10  9 10  9  9 10  9 11 11 10 11
  9  9  9  9 12 11 13 12 14 15 13 14 12 13 11 11 18 10 27 23 33 30 37 35
 37 38 35 36 30 33 23 26 19 21 15 15 14 15 12 13 11 12 10 11  8  9  8  8
  7  7  8  8  9  9  9  9]"
2024-10-17 16:41:38.745618,"(-13, 18)","(4048, 2524)","[17  6 19 19 15 17 16 14 20 19 22 22 21 22 17 19 16 17 16 16 14 15 13 13
 12 12 11 11 10 10 11 11 10 11 10 10 12 11 12 12 12 12 11 11 10 10 10 10
 11 10 11 11 11 11 12 12 12 12 11 11 10 10  9 10  9  9 10  9 11 11 10 11
  9  9  9  9 12 11 13 12 14 15 13 14 12 13 11 11 17 10 25 21 29 27 35 33
 35 36 30 33 26 28 22 24 20 21 15 15 15 15 13 14 12 13 10 11  9 10  8  8
  8  8  8  8  9  9  9  9]"
2024-10-17 16:41:51.902766,"(-21, 19)","(3937, 2516)","[17 10 19 20 15 17 16 14 20 19 22 22 21 22 17 19 16 17 16 16 14 15 13 13
 12 12 11 11 10 10 11 11 10 11 10 10 12 11 12 12 12 12 11 11 10 10 10 10
 11 10 11 11 11 11 12 12 12 12 11 11 10 10  9 10  9  9 10  9 11 11 10 11
  9  9  9  9 12 11 13 12 14 15 13 14 12 13 11 11 14 10 21 17 30 25 36 34
 37 37 34 36 30 32 25 27 23 24 19 21 14 15 13 14 12 12 11 11 10 10  8  9
  8  8  8  8  9  9  9  9]"
2024-10-17 16:42:05.263685,"(-30, 21)","(3823, 2489)","[17 14 19 20 15 17 16 14 20 19 22 22 21 22 17 19 16 17 16 16 14 15 13 13
 12 12 11 11 10 10 11 11 10 11 10 10 12 11 12 12 12 12 11 11 10 10 10 10
 11 10 11 11 11 11 12 12 12 12 11 11 10 10  9 10 14  9 14 15 11 11 10 11
 13  9 14 14 12 11 13 12 14 15 13 14 17 13 19 19 22 19 32 26 37 35 38 38
 38 38 35 37 31 33 26 28 22 24 18 18 16 17 15 15 13 14 12 13 10 11 10 10
  9  9  9  9  9  9  9  9]"
2024-10-17 16:42:18.420482,"(-37, 20)","(3746, 2503)","[17 10 19 20 15 17 16 14 20 19 22 22 21 22 17 19 16 17 16 16 14 15 13 13
 12 12 11 11 10 10 11 11 10 11 10 10 12 11 12 12 12 12 11 11 10 10 10 10
 11 10 11 11 11 11 12 12 12 12 11 11 10 10 18 14 23 22 23 24 20 22 17 19
 16 16 10 10 12 11 13 12 14 15 13 14 12 13 17 11 20 18 22 22 25 23 36 32
 38 38 35 37 31 33 28 29 25 27 21 23 17 17 15 16 14 15 13 13 12 12 11 11
 10 10  9  9  9  9  9  9]"
2024-10-17 16:42:31.580624,"(-45, 19)","(3667, 2513)","[17 10 19 20 15 17 16 14 20 19 22 22 21 22 17 19 16 17 16 16 14 15 13 13
 12 12 11 11 10 10 11 11 10 11 10 10 12 11 12 12 12 12 11 11 10 10 10 10
 11 10 11 11 11 11 12 12 12 12 11 11 14 10 22 19 25 25 23 24 19 21 16 17
 11 15 11 11 12 11 13 12 14 15 13 14 12 13 15 11 18 17 16 18 26 21 34 31
 34 34 33 34 30 32 27 29 23 25 20 21 16 16 14 15 13 13 12 12 11 11 10 10
 10 10 10 10 10 10 10 10]"
2024-10-17 16:42:44.939713,"(-54, 18)","(3586, 2523)","[17  8 19 20 15 17 16 14 20 19 22 22 21 22 17 19 16 17 16 16 14 15 13 13
 12 12 11 11 10 10 11 11 10 11 10 10 12 11 12 12 12 12 11 11 10 10 10 10
 11 10 11 11 11 11 12 12 12 12 11 11 10 10 21 16 27 26 28 28 27 27 25 26
 22 23 20 21 18 19 13 17 14 15 13 14 15 13 21 18 25 23 28 27 38 33 43 41
 42 43 39 41 34 37 29 32 25 27 20 20 17 19 15 16 14 14 12 13 11 12 10 11
  9 10  9  9  9  9  9  9]"
2024-10-17 16:42:58.301325,"(-63, 18)","(3510, 2522)","[17 10 19 20 15 17 16 14 20 19 22 22 21 22 17 19 16 17 16 16 14 15 13 13
 12 12 11 11 10 10 11 11 10 11 10 10 12 11 12 12 12 12 11 11 10 10 10 10
 11 10 11 11 11 11 12 12 12 12 11 11 13 10 20 17 23 21 28 25 28 28 25 26
 21 23 18 19 12 17 13 12 14 15 13 14 14 13 22 18 31 28 36 34 38 37 38 38
 37 38 35 37 30 33 25 28 19 23 17 18 15 16 13 14 12 12 10 11  8  9  7  8
  7  7  8  8 16 14 18 18]"
2024-10-17 16:43:11.863173,"(-73, 18)","(3427, 2522)","[17  9 19 20 15 17 16 14 20 19 22 22 21 22 17 19 16 17 16 16 14 15 13 13
 12 12 11 11 11 11 11 11 10 11 10 10 12 11 12 12 12 12 11 11 10 10 10 10
 11 10 11 11 11 11 12 12 12 12 11 11 11 10 21 16 28 26 28 28 26 27 22 24
 18 20 16 17 12 12 13 12 14 15 13 14 12 13 20 11 31 27 38 35 43 41 44 44
 42 43 38 40 33 35 28 30 20 25 19 20 16 17 14 15 12 13 11 12 10 11  8  9
  8  8  8  8 12  9 16 14]"
2024-10-17 16:43:25.015904,"(-81, 19)","(3365, 2512)","[17  8 19 20 15 17 16 14 20 19 22 22 21 22 17 19 16 17 16 16 14 15 13 13
 12 12 11 11 10 10 11 11 10 11 10 10 12 11 12 12 12 12 11 11 10 10 10 10
 11 10 11 11 11 11 12 12 12 12 11 11 10 10  9 10 20  9 25 24 24 25 21 23
 19 20 17 18 17 17 19 18 14 19 13 14 19 18 20 19 30 22 41 37 46 44 47 47
 44 46 40 42 34 37 29 32 22 27 20 21 18 19 15 16 13 14 12 13 11 11 10 10
  9  9  9  9 14  9 16 16]"
2024-10-17 16:43:38.373844,"(-90, 21)","(3293, 2487)","[17  9 19 20 15 17 16 14 20 19 22 22 21 22 17 19 16 17 16 16 15 16 14 15
 12 13 11 11 12 11 13 13 13 13 13 13 12 13 12 12 12 12 11 11 10 10 10 10
 11 10 11 11 11 11 12 12 12 12 11 11 16 13 20 18 26 23 28 28 27 28 23 25
 20 21 21 20 29 25 31 31 30 31 27 28 23 25 23 23 30 25 40 35 47 44 49 49
 48 49 46 47 41 44 35 38 26 31 23 25 20 21 17 18 15 16 14 15 13 13 11 12
 10 11 10 10  9 10  9  9]"
2024-10-17 16:44:14.582597,"(83, -20)","(1175, 2905)","[17 11 19 20 15 17 15 14 20 19 22 22 21 22 17 19 16 17 16 16 16 16 15 15
 13 13 11 12 10 11 11 11 11 11 11 11 12 12 12 12 12 12 11 11 10 10 10 10
 11 10 11 11 11 11 12 12 12 12 11 11 10 10 16 10 25 22 28 28 27 28 23 25
 20 21 18 19 25 22 29 28 27 28 25 26 23 24 24 22 32 28 38 35 42 40 44 44
 43 44 39 41 33 36 27 30 23 25 21 22 19 20 17 17 22 17 22 23 17 17 16 17
 14 15 13 14 20 16 24 23]"
2024-10-17 16:44:27.739414,"(75, -19)","(1109, 2907)","[17  8 19 20 15 17 15 14 20 19 22 22 21 22 17 19 17 17 19 17 19 19 16 17
 14 15 13 13 11 11 11 11 10 11 10 10 12 11 12 12 12 12 11 11 10 10 10 10
 11 10 11 11 11 11 12 12 12 12 11 11 10 10  9 10 17  9 23 21 23 23 21 22
 18 20 19 18 26 22 28 28 26 27 22 24 19 20 20 19 25 23 31 28 43 37 47 46
 46 47 42 44 35 38 29 31 22 27 21 22 18 20 17 17 17 17 17 17 15 16 14 14
 12 13 11 11 21 16 25 24]"
2024-10-17 16:44:41.098971,"(66, -18)","(1028, 2910)","[17 10 19 20 15 17 15 14 20 19 22 22 21 22 17 19 16 17 16 16 14 15 13 13
 12 12 11 11 10 10 11 11 12 11 13 13 12 13 12 12 12 12 11 11 10 10 10 10
 11 10 11 11 11 11 12 12 12 12 11 11 10 10  9 10  9  9 16 14 19 18 19 19
 17 18 16 16 16 16 21 19 22 22 21 22 21 21 20 21 23 20 29 26 30 29 33 32
 36 34 36 36 32 34 27 29 24 25 19 19 19 19 18 19 17 18 16 16 15 15 13 14
 12 12 10 11 16 10 20 19]"
2024-10-17 16:44:54.459998,"(57, -18)","(938, 2908)","[17 10 19 20 15 17 15 14 20 19 22 22 21 22 17 19 16 17 16 16 14 15 13 13
 12 12 11 11 10 10 11 11 10 11 10 10 12 11 12 12 12 12 11 11 10 10 10 10
 11 10 11 11 11 11 12 12 12 12 11 11 10 10 12 10 16 15 16 17 11 16 10 11
  9  9  9  9 15 11 22 19 24 24 23 23 23 23 22 23 21 22 23 21 26 25 24 25
 23 24 26 23 29 28 27 28 25 26 23 24 18 22 23 18 26 26 26 27 19 25 18 19
 17 18 14 16 13 13 13 13]"
2024-10-17 16:45:08.021957,"(47, -18)","(826, 2908)","[17  9 19 20 15 17 15 14 20 19 22 22 21 22 17 19 16 17 16 16 14 15 13 13
 12 12 11 11 10 10 11 11 10 11 10 10 12 11 12 12 12 12 11 11 10 10 10 10
 11 10 11 11 11 11 12 12 12 12 11 11 10 10  9 10  9  9 10  9 11 11 15 11
 16 15 17 17 17 16 22 20 21 22 21 21 20 21 18 19 21 18 27 24 29 29 28 28
 31 29 33 33 31 32 28 29 25 26 22 23 21 18 26 23 30 29 30 30 26 28 20 24
 17 19 15 16 13 14 14 14]"
2024-10-17 16:45:21.177005,"(39, -19)","(725, 2911)","[17  9 19 20 15 17 15 14 20 19 22 22 21 22 17 19 16 17 16 16 14 15 13 13
 12 12 11 11 10 10 11 11 10 11 10 10 12 11 12 12 12 12 11 11 10 10 10 10
 11 10 11 11 11 11 12 12 12 12 11 11 10 10  9 10 14  9 16 15 11 17 15 11
 14 15 15 14 24 19 25 25 23 24 24 23 26 25 25 25 23 24 28 25 31 30 30 30
 31 29 34 33 33 34 28 30 26 27 24 25 20 20 23 20 28 26 29 29 27 28 20 24
 19 20 17 18 15 16 14 14]"
2024-10-17 16:45:35.039502,"(30, -21)","(597, 2915)","[17  7 19 20 15 17 15 14 20 19 22 22 21 22 17 19 16 17 16 16 14 15 13 13
 12 12 11 11 10 10 11 11 10 11 10 10 12 11 12 12 12 12 11 11 10 10 10 10
 11 10 11 11 11 11 12 12 12 12 11 11 10 10  9 10  9  9 10  9 11 11 10 11
  9  9 21 15 25 24 25 25 25 25 28 26 27 28 24 26 22 22 23 22 26 25 23 25
 25 21 30 28 28 29 27 27 25 26 23 24 18 18 18 18 18 18 17 17 16 16 15 15
 15 15 14 15 14 14 13 13]"
2024-10-17 16:45:48.197475,"(23, -20)","(488, 2915)","[17 11 19 20 15 17 15 14 20 19 22 22 21 22 17 19 16 17 16 16 14 15 13 13
 12 12 11 11 10 10 11 11 10 11 10 10 12 11 12 12 12 12 11 11 10 10 10 10
 11 10 11 11 11 11 12 12 12 12 11 11 10 10  9 10  9  9 10  9 11 11 10 11
  9  9 16 13 21 19 27 24 33 31 34 34 32 33 29 30 28 28 31 29 31 31 29 30
 28 28 28 28 27 27 25 26 24 24 24 24 19 19 18 19 17 18 16 17 15 16 14 14
 13 13 14 13 14 14 14 14]"
2024-10-17 16:46:01.855542,"(15, -19)","(355, 2916)","[17 11 19 20 15 17 15 14 20 19 22 22 21 22 17 19 16 17 16 16 14 15 13 13
 12 12 11 11 10 10 11 11 10 11 10 10 12 11 12 12 12 12 11 11 10 10 10 10
 11 10 11 11 11 11 12 12 12 12 11 11 10 10  9 10  9  9 10  9 11 11 10 11
 14  9 17 15 21 19 28 23 36 33 38 38 37 38 35 36 33 34 31 32 28 29 31 29
 32 32 30 31 28 29 27 28 26 26 21 21 19 20 17 18 15 16 14 15 13 13 12 13
 11 12 11 11  9 10  9  9]"
2024-10-17 16:46:16.231556,"(6, -18)","(203, 2918)","[17  9 19 20 15 17 15 14 20 19 22 22 21 22 17 19 16 17 16 16 14 15 13 13
 12 12 11 11 10 10 11 11 10 11 10 10 12 11 12 12 12 12 11 11 10 10 10 10
 11 10 11 11 11 11 12 12 12 12 11 11 10 10  9 10  9  9 10  9 11 11 10 11
 14  9 20 16 27 24 31 28 36 34 37 37 36 36 33 34 32 33 31 31 30 31 29 30
 27 28 26 26 20 24 19 20 19 19 17 18 16 17 15 15 14 14 14 14 14 14 14 14
 14 14 22 20 21 22 15 20]"
2024-10-17 16:46:29.591374,"(-3, -18)","(107, 2920)","[17 12 19 20 15 17 15 14 20 19 22 22 21 22 17 19 16 17 16 16 14 15 13 13
 12 12 11 11 10 10 11 11 10 11 10 10 12 11 12 12 12 12 11 11 10 10 10 10
 11 10 11 11 11 11 12 12 12 12 11 11 10 10 14 10 19 16 21 20 20 21 18 19
 16 17 23 17 28 26 28 28 28 29 29 29 27 28 28 28 28 28 26 27 27 26 30 29
 32 32 32 32 28 30 25 27 20 24 20 20 20 20 20 20 19 20 19 19 17 18 19 17
 24 22 27 26 26 26 22 24]"
2024-10-17 16:46:43.156401,"(-13, -18)","(4033, 2923)","[17  8 19 20 15 17 15 14 20 19 22 22 21 22 17 19 16 17 16 16 14 15 13 13
 12 12 11 11 10 10 11 11 10 11 10 10 12 11 12 12 12 12 11 11 10 10 10 10
 11 10 11 11 11 11 12 12 12 12 11 11 10 10 12 10 18 14 22 21 20 21 21 20
 25 24 30 27 36 33 36 36 34 35 31 33 28 29 26 27 26 26 26 26 27 26 34 31
 35 36 34 35 32 33 27 30 21 24 20 20 18 19 17 18 16 17 16 16 15 15 14 14
 14 14 14 14 13 14 12 12]"
2024-10-17 16:46:56.315278,"(-21, -19)","(3939, 2923)","[17 12 19 20 15 17 15 14 20 19 22 22 21 22 17 19 16 17 16 16 14 15 13 13
 12 12 11 11 10 10 11 11 10 11 10 10 12 11 12 12 12 12 11 11 10 10 10 10
 11 10 11 11 11 11 12 12 12 12 11 11 10 10  9 10 17  9 22 20 21 22 21 21
 24 22 30 26 34 32 33 33 34 33 35 35 34 34 32 32 30 31 26 28 24 25 24 23
 29 27 30 30 28 29 25 27 20 23 19 19 18 19 18 18 16 17 15 16 13 14 12 13
 11 11 11 11 10 10 12  9]"
2024-10-17 16:47:09.675702,"(-30, -21)","(3825, 2930)","[17  8 19 20 15 17 15 14 20 19 22 22 21 22 17 19 16 17 16 16 14 15 13 13
 12 12 11 11 10 10 11 11 10 11 10 10 12 11 12 12 12 12 11 11 10 10 10 10
 11 10 11 11 11 11 12 12 12 12 11 11 10 10  9 10  9  9 16 14 11 16 16 11
 15 16 15 15 23 19 27 25 27 28 26 27 26 26 26 26 25 26 22 24 21 21 31 26
 37 36 36 37 31 34 27 29 23 24 19 19 17 18 14 15 13 13 11 12 11 11 11 11
 11 11 11 11 11 11 11 11]"
2024-10-17 16:47:22.833173,"(-37, -20)","(3748, 2932)","[17  7 19 20 15 17 15 14 20 19 22 22 21 22 17 19 16 17 16 16 14 15 13 13
 12 12 11 11 10 10 11 11 10 11 10 10 12 11 12 12 12 12 11 11 10 10 10 10
 11 10 11 11 11 11 12 12 12 12 11 11 10 10  9 10  9  9 10  9 11 11 10 11
  9  9  9  9 12 11 13 12 21 15 23 23 21 22 20 21 19 20 19 19 22 21 24 21
 31 28 34 33 33 34 31 32 27 29 25 26 17 23 16 17 14 15 12 13 11 12  9 10
  8  9  8  8  9  9  9  9]"
2024-10-17 16:47:35.991691,"(-45, -19)","(3668, 2934)","[17 13 19 20 15 17 15 14 20 19 22 22 21 22 17 19 16 17 16 16 14 15 13 13
 12 12 11 11 10 10 11 11 10 11 10 10 12 11 12 12 12 12 11 11 10 10 10 10
 11 10 11 11 11 11 12 12 12 12 11 11 10 10  9 10  9  9 10  9 11 11 10 11
  9  9  9  9 15 11 22 19 26 25 27 27 25 26 22 24 20 21 21 20 20 21 23 20
 33 30 35 35 34 35 31 32 26 28 23 25 18 22 17 17 14 16 12 13 11 11 10 10
  9  9  8  8  9  9  9  9]"
2024-10-17 16:47:49.356845,"(-54, -18)","(3587, 2932)","[17  9 19 20 15 17 15 14 20 19 22 22 21 22 17 19 16 17 16 16 14 15 13 13
 12 12 11 11 10 10 11 11 10 11 10 10 12 11 12 12 12 12 11 11 10 10 10 10
 11 10 11 11 11 11 12 12 12 12 11 11 10 10  9 10  9  9 10  9 11 11 10 11
 14  9 15 15 12 14 13 12 14 15 13 14 12 13 11 11 15 10 21 16 25 23 29 27
 32 31 33 33 32 33 29 30 25 27 22 23 16 21 15 16 13 14 10 11  9 10  8  8
  8  8  8  8  9  9  9  9]"
2024-10-17 16:48:02.717965,"(-63, -18)","(3509, 2934)","[17 10 19 20 15 17 15 14 20 19 22 22 21 22 17 19 16 17 16 16 14 15 13 13
 12 12 11 11 10 10 11 11 10 11 10 10 12 11 12 12 12 12 11 11 10 10 10 10
 11 10 11 11 11 11 12 12 12 12 11 11 10 10  9 10  9  9 10  9 11 11 10 11
  9  9  9  9 12 11 13 12 14 15 20 17 23 22 23 23 21 23 26 22 32 29 32 32
 32 32 31 31 30 31 27 29 23 25 19 21 15 16 13 14 11 12 10 11  8  9  7  8
  7  7  8  7  9  9  9  9]"
2024-10-17 16:48:16.280310,"(-73, -18)","(3428, 2933)","[17 10 19 20 15 17 15 14 20 19 22 22 21 22 17 19 16 17 16 16 14 15 13 13
 12 12 11 11 10 10 11 11 10 11 10 10 12 11 12 12 12 12 11 11 10 10 10 10
 11 10 11 11 11 11 12 12 12 12 11 11 10 10  9 10  9  9 10  9 11 11 10 11
  9  9  9  9 12 11 13 12 14 15 13 14 12 13 11 11 21 10 31 27 34 33 34 34
 32 33 31 32 28 30 22 25 16 20 16 16 14 15 12 13 11 12 10 11  8  9  8  8
  8  8  8  8  9  9  9  9]"
2024-10-17 16:48:29.437051,"(-81, -19)","(3365, 2939)","[17  8 19 20 15 17 15 14 20 19 22 22 21 22 17 19 16 17 16 16 14 15 13 13
 12 12 11 11 10 10 11 11 10 11 10 10 12 11 12 12 12 12 11 11 10 10 10 10
 11 10 11 11 11 11 12 12 12 12 11 11 10 10  9 10  9  9 10  9 11 11 10 11
  9  9  9  9 12 11 13 12 14 15 13 14 17 16 17 17 23 17 32 28 34 34 32 33
 31 31 30 31 26 28 23 24 16 21 15 16 14 14 12 13 11 12 10 11 10 10 10 10
  9 10  9  9  9  9  9  9]"
2024-10-17 16:49:05.448682,"(90, 24)","(1229, 2458)","[17 13 19 20 15 17 15 14 20 19 22 22 21 22 17 19 16 17 16 16 14 15 14 14
 12 13 11 11 10 10 11 11 10 11 10 10 12 11 12 12 12 12 11 11 10 10 10 10
 11 10 11 11 11 11 12 12 12 12 11 11 10 10  9 10  9  9 10  9 11 11 10 11
  9  9  9  9 12 11 13 12 14 15 13 14 12 13 11 11 10 10 20 14 22 21 19 20
 22 18 27 25 26 27 24 25 21 22 19 20 13 18 13 13 12 13 12 12 11 11 10 11
 10 10  9 10  9  9  9  9]"
2024-10-17 16:49:19.420832,"(84, 23)","(1182, 2470)","[17  8 19 20 15 17 15 14 20 19 22 22 21 22 17 19 16 17 16 16 14 15 13 13
 12 12 11 11 10 10 11 11 10 11 10 10 12 11 12 12 12 12 11 11 10 10 10 10
 11 10 11 11 11 11 12 12 12 12 11 11 10 10  9 10  9  9 10  9 11 11 10 11
  9  9  9  9 13 11 20 17 25 23 25 26 23 25 20 22 20 20 23 21 24 23 23 23
 22 22 23 22 23 23 23 23 22 23 20 21 15 15 15 15 13 14 11 12 10 10  9 10
  9  9  8  8  9  9  9  9]"
2024-10-17 16:49:32.576601,"(77, 22)","(1124, 2480)","[17  8 19 20 15 17 15 14 20 19 22 22 21 22 17 19 16 17 16 16 14 15 13 13
 12 12 11 11 10 10 11 11 10 11 10 10 12 11 12 12 12 12 11 11 10 10 10 10
 11 10 11 11 11 11 12 12 12 12 11 11 10 10  9 10  9  9 10  9 11 11 10 11
 14  9 14 14 12 11 13 12 14 15 13 14 17 17 15 16 15 14 23 18 26 25 27 26
 29 29 27 28 23 25 22 23 21 22 19 20 14 15 13 13 11 12 10 11  9 10  9  9
  9  9  9  9  9  9  9  9]"
2024-10-17 16:49:45.732045,"(69, 21)","(1055, 2492)","[17 13 19 20 15 17 15 14 20 19 22 22 21 22 17 19 16 17 16 16 14 15 13 13
 12 12 11 11 10 10 11 11 10 11 10 10 12 11 12 12 12 12 11 11 10 10 10 10
 11 10 11 11 11 11 12 12 12 12 11 11 10 10  9 10  9  9 10  9 11 11 10 11
  9  9  9  9 12 11 13 12 14 15 13 14 12 13 11 11 19 10 27 24 30 29 30 30
 29 30 27 28 24 26 22 23 20 21 15 15 14 14 12 13 11 12 10 11  9  9  8  9
  9  8  9  9  9  9  9  9]"
2024-10-17 16:49:58.890872,"(61, 21)","(979, 2492)","[17  5 19 20 15 17 15 14 20 19 22 22 21 22 17 19 16 17 16 16 14 15 13 13
 12 12 11 11 10 10 11 11 10 11 10 10 12 11 12 12 12 12 11 11 10 10 10 10
 11 10 11 11 11 11 12 12 12 12 11 11 10 10  9 10  9  9 10  9 11 11 10 11
  9  9  9  9 12 11 13 12 14 15 13 14 12 13 11 11 19 10 29 24 31 30 30 30
 29 29 28 28 25 27 21 23 18 20 14 14 13 13 12 12 11 12 10 11  9  9  9  9
  9  9  9  9  9  9  9  9]"
2024-10-17 16:50:12.049343,"(53, 21)","(895, 2492)","[17  8 19 20 15 17 15 14 20 19 22 22 21 22 17 19 16 17 16 16 14 15 13 13
 12 12 11 11 10 10 11 11 10 11 10 10 12 11 12 12 12 12 11 11 10 10 10 10
 11 10 11 11 11 11 12 12 12 12 11 11 10 10  9 10  9  9 10  9 11 11 10 11
  9  9  9  9 12 11 13 12 14 15 13 14 12 13 11 11 16 10 26 21 29 28 27 28
 25 26 21 23 19 20 13 18 12 13 11 12 10 10 11 10 11 12 10 11  9  9  9  9
  8  8  8  8  9  9  9  9]"
2024-10-17 16:50:25.210778,"(45, 21)","(802, 2492)","[17 12 19 20 15 17 15 14 20 19 22 22 21 22 17 19 16 17 16 16 14 15 13 13
 12 12 11 11 10 10 11 11 10 11 12 11 12 13 12 12 12 12 11 11 10 10 10 10
 11 10 11 11 11 11 12 12 12 12 11 11 10 10  9 10  9  9 10  9 11 11 10 11
  9  9  9  9 12 11 13 12 14 15 13 14 12 13 11 11 15 10 16 16 16 16 20 17
 27 25 27 28 25 26 22 23 20 21 19 19 13 18 13 13 13 13 11 12  9 10  8  9
  7  7  8  7  9  9  9  9]"
2024-10-17 16:50:38.367587,"(38, 22)","(710, 2477)","[17 12 19 20 15 17 15 14 20 19 22 22 21 22 17 19 16 17 16 16 14 15 13 13
 12 12 11 11 10 10 11 11 10 11 10 10 12 11 12 12 12 12 11 11 10 10 10 10
 11 10 11 11 11 11 12 12 12 12 11 11 10 10  9 10  9  9 10  9 11 11 10 11
  9  9  9  9 12 11 13 12 14 15 13 14 12 13 11 11 10 10 20 15 24 23 23 23
 26 25 26 27 24 25 22 23 18 20 15 17 12 12 11 11 11 12 10 11  8  9  7  8
  7  7  8  8  9  9  9  9]"
2024-10-17 16:50:51.522945,"(30, 24)","(596, 2457)","[17 13 19 20 15 17 15 14 20 19 22 22 21 22 17 19 16 17 16 16 14 15 13 13
 12 12 11 11 10 10 11 11 10 11 10 10 12 11 12 12 12 12 11 11 10 10 10 10
 11 10 11 11 11 11 12 12 12 12 11 11 10 10  9 10  9  9 10  9 11 11 10 11
  9  9  9  9 12 11 13 12 14 15 13 14 12 13 11 11 20 10 30 25 32 31 31 31
 29 30 27 28 25 26 21 23 18 19 14 14 13 13 12 12 11 12 11 11 10 11 10 10
 10 10 10 10 10 10 10 10]"
2024-10-17 16:51:04.475545,"(24, 23)","(505, 2469)","[17 12 19 20 15 17 15 14 20 19 22 22 21 22 17 19 16 17 16 16 14 15 13 13
 12 12 11 11 10 10 11 11 10 11 10 10 12 11 12 12 12 12 11 11 10 10 10 10
 11 10 11 11 11 11 12 12 12 12 11 11 10 10  9 10  9  9 10  9 11 11 10 11
  9  9  9  9 12 11 13 12 14 15 13 14 12 13 11 11 21 10 31 26 35 34 34 34
 33 34 31 32 26 29 23 25 20 22 15 15 14 15 12 13 11 12 11 11 10 10  9  9
  8  8  8  8  9  9  9  9]"
2024-10-17 16:51:17.630068,"(17, 22)","(388, 2478)","[17  8 19 20 15 17 15 14 20 19 22 22 21 22 17 19 16 17 16 16 14 15 13 13
 12 12 11 11 10 10 11 11 10 11 10 10 12 11 12 12 12 12 11 11 10 10 10 10
 11 10 11 11 11 11 12 12 12 12 11 11 10 10  9 10  9  9 10  9 11 11 10 11
  9  9  9  9 12 11 13 12 14 15 13 14 12 13 13 11 20 15 29 25 31 30 30 30
 30 30 30 30 29 29 26 28 22 24 19 20 15 15 14 15 13 14 12 13 11 12 10 10
  9  9  9  9  9  9  9  9]"
2024-10-17 16:51:30.786486,"(9, 21)","(252, 2490)","[17 12 19 20 15 17 15 14 20 19 22 22 21 22 17 19 16 17 16 16 14 15 13 13
 12 12 11 11 10 10 11 11 10 11 10 10 12 11 12 12 12 12 11 11 10 10 10 10
 11 10 11 11 11 11 12 12 12 12 11 11 10 10  9 10  9  9 10  9 11 11 10 11
  9  9  9  9 12 11 13 12 14 15 13 14 12 13 11 11 17 10 26 21 32 29 33 33
 34 34 32 33 30 31 27 29 25 26 22 24 16 20 15 16 14 14 12 13 11 11  9 10
  8  9  8  8  9  9  9  9]"
2024-10-17 16:51:43.940273,"(1, 21)","(126, 2489)","[17 13 19 20 15 17 15 14 20 19 22 22 21 22 17 19 16 17 16 16 14 15 13 13
 12 12 11 11 10 10 11 11 10 11 10 10 12 11 12 12 12 12 11 11 10 10 10 10
 11 10 11 11 11 11 12 12 12 12 11 11 10 10  9 10  9  9 10  9 11 11 10 11
  9  9  9  9 12 11 13 12 14 15 13 14 12 13 11 11 15 10 25 20 28 26 35 32
 37 37 36 37 33 35 30 31 27 28 23 25 16 22 16 16 14 15 12 13 11 11  9 10
  9  9  9  9  9  9  9  9]"
2024-10-17 16:51:57.096681,"(-7, 21)","(26, 2492)","[17 10 19 20 15 17 15 14 20 19 22 22 21 22 17 19 16 17 16 16 14 15 13 13
 12 12 11 11 10 10 11 11 10 11 10 10 12 11 12 12 12 12 11 11 10 10 10 10
 11 10 11 11 11 11 12 12 12 12 11 11 10 10  9 10  9  9 10  9 11 11 10 11
  9  9  9  9 12 11 13 12 14 15 13 14 12 13 11 11 16 10 24 20 25 25 30 27
 33 33 33 33 30 32 27 28 23 25 20 21 14 14 14 14 13 14 12 13 11 11 11 11
 11 11 11 11 11 11 10 10]"
2024-10-17 16:52:11.274761,"(-15, 21)","(4011, 2492)","[17  7 19 20 15 17 15 14 20 19 22 22 21 22 17 19 16 17 16 16 14 15 13 13
 12 12 11 11 10 10 11 11 10 11 10 10 12 11 12 12 12 12 11 11 10 10 10 10
 11 10 11 11 11 11 12 12 12 12 11 11 10 10  9 10  9  9 10  9 11 11 10 11
  9  9  9  9 12 11 13 12 14 15 13 14 12 13 11 11 18 10 25 21 25 26 25 25
 26 25 29 27 28 28 23 25 20 21 14 14 13 14 12 13 11 12 10 11 14  9 17 16
 17 17 15 16 10 10  9 10]"
2024-10-17 16:52:24.430231,"(-22, 22)","(3925, 2477)","[17 12 19 20 15 17 15 14 20 19 22 22 21 22 17 19 16 17 16 16 14 15 13 13
 12 12 11 11 11 10 11 11 10 11 10 10 12 11 12 12 12 12 11 11 10 10 10 10
 11 10 11 11 11 11 12 12 12 12 11 11 10 10  9 10  9  9 10  9 11 11 10 11
  9  9  9  9 12 11 13 12 14 15 13 14 12 13 11 11 21 10 30 26 31 31 35 33
 37 37 36 36 33 34 29 31 24 27 20 22 16 16 14 15 12 13 11 12 11 11 16 11
 17 17 12 12 11 12 10 11]"
2024-10-17 16:52:38.603189,"(-30, 24)","(3826, 2458)","[17 11 19 20 15 17 15 14 20 19 22 22 21 22 17 19 16 17 16 16 14 15 13 13
 12 12 11 11 10 10 11 11 10 11 10 10 12 11 12 12 12 12 11 11 10 10 10 10
 11 10 11 11 11 11 12 12 12 12 11 11 10 10 11 10 14 14 13 14 11 11 10 11
  9  9  9  9 12 11 13 12 14 15 13 14 12 13 11 11 16 10 23 19 28 25 31 29
 36 33 37 37 37 37 34 36 29 32 24 26 17 22 17 17 15 16 13 14 11 12 10 11
  9 10  9  9  9  9  9  9]"
2024-10-17 16:52:53.576988,"(-36, 23)","(3758, 2468)","[18 16 19 20 15 17 15 14 20 19 22 22 21 22 17 19 16 17 16 16 14 15 13 13
 12 12 11 11 10 10 11 11 10 11 10 10 12 11 12 12 12 12 11 11 10 10 10 10
 11 10 11 11 11 11 12 12 12 12 11 11 10 10 14 10 18 18 18 18 11 17 10 11
 10  9 10 10 12 11 13 12 14 15 13 14 12 13 15 11 18 16 26 22 33 30 36 35
 36 36 35 35 33 34 30 32 26 28 22 23 17 17 16 16 14 15 12 13 12 12 12 12
 12 12 12 12 12 12 11 11]"
2024-10-17 16:53:06.735114,"(-43, 22)","(3689, 2480)","[17 13 19 20 15 17 15 14 20 19 22 22 21 22 17 19 16 17 16 16 14 15 13 13
 12 12 11 11 10 10 11 11 10 11 10 10 12 11 12 12 12 12 11 11 10 10 10 10
 11 10 11 11 11 11 12 12 12 12 11 11 14 10 20 16 25 24 25 25 23 24 20 21
 16 18 11 12 12 11 13 12 14 15 13 14 20 15 21 21 23 20 31 26 37 34 39 38
 38 38 35 37 33 34 29 31 25 27 22 23 18 18 17 17 15 16 12 13 11 12 10 10
 10 10 10 10  9  9  9  9]"
2024-10-17 16:53:19.892181,"(-51, 21)","(3616, 2489)","[17 12 19 20 15 17 15 14 20 19 22 22 21 22 17 19 16 17 16 16 14 15 13 13
 12 12 11 11 10 10 11 11 10 11 10 10 12 11 12 12 12 12 11 11 10 10 10 10
 11 10 11 11 11 11 12 12 12 12 11 11 11 10 24 19 30 29 30 31 28 29 25 27
 22 23 18 20 12 17 13 12 14 15 13 14 22 17 24 24 25 24 32 27 37 35 36 37
 35 36 34 35 30 32 25 27 19 24 18 19 16 17 14 15 13 14 12 12 11 11 11 11
 10 10  9 10 15 13 18 17]"
2024-10-17 16:53:33.052002,"(-59, 21)","(3544, 2490)","[17 10 19 20 15 17 15 14 20 19 22 22 21 22 17 19 16 17 16 16 14 15 13 13
 12 12 11 11 10 10 11 11 10 11 10 10 12 11 12 12 12 12 11 11 10 10 10 10
 11 10 11 11 11 11 12 12 12 12 11 11 11 10 20 15 23 23 23 23 22 22 20 21
 17 18 15 16 12 11 13 12 14 15 13 14 27 22 29 29 30 29 33 31 33 33 35 34
 35 35 33 34 27 30 23 25 19 22 17 18 15 17 13 14 12 13 11 11 10 10 10 10
  9  9  9  9 17 13 19 19]"
2024-10-17 16:53:47.225206,"(-67, 21)","(3476, 2490)","[17  7 19 20 15 17 15 14 20 19 22 22 21 22 17 19 16 17 16 16 14 15 13 13
 12 12 11 11 10 10 12 11 12 12 11 11 12 12 12 12 12 12 11 11 10 10 10 10
 11 10 11 11 11 11 12 12 12 12 11 11 13 10 24 19 28 28 26 27 25 25 23 24
 20 21 16 18 12 13 13 12 14 15 20 17 21 21 22 20 31 27 35 34 36 35 44 40
 47 47 45 46 41 43 34 38 27 31 21 22 18 19 15 16 13 14 11 12 10 11 10 10
  9 10  9  9 16 13 18 18]"
2024-10-17 16:54:00.381616,"(-75, 21)","(3412, 2490)","[17  6 19 20 15 17 15 14 20 19 22 22 21 22 17 19 16 17 16 16 14 15 13 13
 12 12 11 11 10 10 11 11 11 11 11 11 12 12 12 12 12 12 11 11 10 10 10 10
 11 10 11 11 11 11 12 12 12 12 11 11 15 10 25 21 30 28 31 31 30 31 26 28
 22 24 20 21 18 19 14 17 14 15 19 17 21 21 25 22 35 31 41 38 46 44 48 48
 48 48 45 47 39 42 32 35 24 29 23 24 19 21 16 18 14 15 12 13 12 12 11 11
 11 11 11 11 11 11 10 11]"
2024-10-17 16:54:14.554186,"(-82, 22)","(3357, 2480)","[17  7 19 20 15 17 15 14 20 19 22 22 21 22 17 19 16 17 16 16 14 15 13 13
 12 12 11 11 11 11 11 11 10 11 10 10 12 11 12 12 12 12 11 11 10 10 10 10
 11 10 11 11 11 11 12 12 12 12 11 11 15 10 29 23 33 33 32 33 29 31 26 27
 24 24 23 23 26 24 28 27 27 27 26 26 23 25 22 22 29 23 36 33 43 40 46 45
 45 45 42 44 37 40 32 35 25 29 22 24 19 21 15 17 13 14 12 13 12 12 13 12
 13 13 13 13 13 13 12 12]"
2024-10-17 16:54:29.729041,"(-90, 24)","(3293, 2456)","[17  5 19 20 15 17 15 14 20 19 22 22 21 22 17 19 16 17 16 16 14 15 13 13
 12 12 11 11 12 11 12 12 11 12 10 11 12 11 12 12 12 12 11 11 10 10 10 10
 11 10 11 11 11 11 12 12 12 12 11 11 12 10 24 18 35 31 36 36 35 36 33 34
 29 32 27 28 30 28 31 31 29 30 26 28 24 25 18 23 26 18 36 31 42 39 45 44
 45 45 43 44 38 41 33 36 25 31 23 24 19 21 17 18 16 16 15 16 14 15 13 14
 13 13 12 12 11 11 10 10]"
2024-10-17 16:55:07.141815,"(84, -23)","(1182, 2944)","[17  7 19 20 15 17 15 14 20 19 22 22 21 22 17 19 16 17 16 16 14 15 13 13
 12 12 11 11 10 10 11 11 10 11 10 10 12 11 12 12 12 12 11 11 10 10 10 10
 11 10 11 11 11 11 12 12 12 12 11 11 13 10 18 16 19 19 22 20 22 22 20 21
 18 19 26 21 36 32 38 38 36 38 31 34 27 29 24 26 18 23 32 25 42 38 44 43
 42 43 39 40 35 37 31 33 24 28 21 23 18 20 15 16 13 13 13 13 12 13 12 12
 11 12 10 11  9 10  9  9]"
2024-10-17 16:55:20.302095,"(77, -22)","(1125, 2937)","[17  4 19 20 15 17 15 14 20 19 22 22 21 22 17 19 16 17 16 16 14 15 13 13
 12 12 11 11 10 10 11 11 10 11 10 10 12 11 12 12 12 12 11 11 10 10 10 10
 11 10 11 11 11 11 12 12 12 12 11 11 10 10 15 10 21 17 27 25 28 28 25 27
 22 24 22 22 30 26 34 33 33 34 29 31 25 27 23 24 27 22 39 32 49 44 50 50
 47 50 42 45 36 39 30 33 24 27 21 23 18 19 17 17 17 17 17 17 17 17 17 17
 15 16 14 15 13 13 12 13]"
2024-10-17 16:55:33.959307,"(69, -21)","(1056, 2929)","[17  7 19 20 15 17 15 14 20 19 22 22 21 22 17 19 16 17 16 16 14 15 13 14
 12 13 11 11 10 10 11 11 10 11 10 10 12 11 12 12 12 12 11 11 10 10 10 10
 11 10 11 11 11 11 12 12 12 12 11 11 10 10  9 10 15  9 22 19 23 23 22 23
 20 21 21 20 33 27 37 36 36 37 33 35 28 31 24 26 21 22 29 23 39 34 41 40
 40 41 39 39 36 38 30 33 23 28 21 22 18 19 16 17 15 15 15 15 15 15 14 15
 13 14 11 12 10 11 10 10]"
2024-10-17 16:55:47.114779,"(61, -21)","(980, 2928)","[17  9 19 20 15 17 15 14 20 19 22 22 21 22 17 19 16 17 16 16 14 15 13 13
 12 12 11 11 10 10 11 11 10 11 10 10 12 11 12 12 12 12 11 11 10 10 10 10
 11 10 11 11 11 11 12 12 12 12 11 11 10 10  9 10  9  9 18 14 21 20 19 20
 18 18 19 18 22 20 26 25 26 27 25 26 28 27 29 29 28 29 27 27 32 29 35 35
 34 34 35 34 32 34 29 30 25 27 20 20 18 19 16 17 15 15 14 14 14 14 13 13
 12 12 10 11 10 10 10 10]"
2024-10-17 16:56:00.269665,"(53, -21)","(896, 2928)","[17  5 19 20 15 17 15 14 20 19 22 22 21 22 17 19 16 17 16 16 14 15 13 13
 12 12 11 11 10 10 11 11 10 11 10 10 12 11 12 12 12 12 11 11 10 10 10 10
 11 10 11 11 11 11 12 12 12 12 11 11 10 10  9 10  9  9 10  9 11 11 10 11
 15  9 16 16 22 19 22 22 23 22 25 24 26 26 25 26 24 25 26 24 30 28 33 31
 39 36 42 41 40 41 37 39 33 34 29 31 22 27 22 22 22 22 22 22 20 21 18 19
 17 17 15 16 14 15 14 14]"
2024-10-17 16:56:13.426799,"(45, -21)","(803, 2929)","[17  8 19 20 15 17 15 14 20 19 22 22 21 22 17 19 16 17 16 16 14 15 13 13
 12 12 11 11 10 10 11 11 10 11 10 10 12 11 12 12 12 12 11 11 10 10 10 10
 11 10 11 11 11 11 12 12 12 12 11 11 10 10  9 10  9  9 10  9 11 11 16 11
 21 18 23 22 22 23 21 22 20 20 24 21 24 24 24 24 24 24 24 24 25 24 30 27
 38 35 39 39 38 39 35 36 32 34 26 29 21 21 20 20 19 19 19 19 18 18 16 17
 14 15 13 14 12 13 11 12]"
2024-10-17 16:56:27.601171,"(38, -22)","(711, 2930)","[17 10 19 20 15 17 15 14 20 19 22 22 21 22 17 19 16 17 16 16 14 15 13 13
 12 12 11 11 10 10 11 11 10 11 10 10 12 11 12 12 12 12 11 11 10 10 10 10
 11 10 11 11 11 11 12 12 12 12 11 11 10 10  9 10  9  9 10  9 11 11 13 11
 17 15 21 19 25 23 26 26 27 27 28 27 28 28 26 27 24 25 22 23 25 23 32 28
 36 35 36 37 36 36 35 36 34 35 30 32 26 28 20 23 20 20 20 20 18 19 16 17
 14 14 12 13 14 12 17 16]"
2024-10-17 16:56:41.257555,"(30, -24)","(596, 2952)","[17 12 19 20 15 17 15 14 20 19 22 22 21 22 17 19 16 17 16 16 14 15 13 13
 12 12 11 11 10 10 11 11 10 11 10 10 12 11 12 12 12 12 11 11 10 10 10 10
 11 10 11 11 11 11 12 12 12 12 11 11 10 10  9 10  9  9 10  9 11 11 14 11
 20 17 26 23 27 27 25 25 29 25 31 31 30 31 29 30 28 28 27 27 26 27 26 25
 30 28 31 31 32 31 35 34 34 34 31 33 21 28 21 21 20 20 19 19 19 19 19 19
 17 18 15 16 13 14 11 12]"
2024-10-17 16:56:54.208802,"(24, -23)","(505, 2945)","[17  8 19 20 15 17 15 14 20 19 22 22 21 22 17 19 16 17 16 16 14 15 13 13
 12 12 11 11 10 10 11 11 10 11 10 10 12 11 12 12 12 12 11 11 10 10 10 10
 11 10 11 11 11 11 12 12 12 12 11 11 10 10  9 10 14  9 16 16 11 15 10 11
 19  9 29 24 33 32 32 33 31 31 33 31 33 33 32 32 30 31 27 29 25 26 28 26
 30 30 30 30 30 29 32 31 31 32 29 31 28 29 27 27 22 27 22 22 22 22 20 21
 19 20 17 18 15 16 13 14]"
2024-10-17 16:57:07.363824,"(17, -22)","(388, 2938)","[17  9 19 20 15 17 15 14 20 19 22 22 21 22 17 19 16 17 16 16 14 15 13 13
 12 12 11 11 10 10 11 11 10 11 10 10 12 11 12 12 12 12 11 11 10 10 10 10
 11 10 11 11 11 11 12 12 12 12 11 11 10 10  9 10 13  9 15 14 11 11 10 11
 15  9 19 16 21 20 27 24 35 32 38 37 37 38 36 37 34 35 31 32 29 30 28 28
 28 28 28 28 29 28 30 30 27 29 21 21 21 21 19 20 18 18 16 17 15 16 14 15
 13 14 11 12 10 11  9  9]"
2024-10-17 16:57:20.519189,"(9, -21)","(259, 2938)","[17 13 19 20 15 17 15 14 20 19 22 22 21 22 17 19 16 17 16 16 14 15 13 13
 12 12 11 11 10 10 11 11 10 11 10 10 12 11 12 12 12 12 11 11 10 10 10 10
 11 10 11 11 11 11 12 12 12 12 11 11 10 10  9 10  9  9 16 14 11 16 16 11
 16 16 22 18 30 26 35 32 42 38 44 44 43 44 38 41 33 35 29 31 26 28 27 26
 29 29 28 29 28 28 26 27 21 25 21 21 21 21 20 21 19 20 18 18 17 17 17 17
 16 16 16 16 16 16 15 16]"
2024-10-17 16:57:33.673929,"(1, -21)","(126, 2939)","[17  8 19 20 15 17 15 14 20 19 22 22 21 22 17 19 16 17 16 16 14 15 13 13
 12 12 11 11 10 10 11 11 10 11 10 10 12 11 12 12 12 12 11 11 10 10 10 10
 11 10 11 11 11 11 12 12 12 12 11 11 10 10 11 10 16 14 16 17 11 15 10 11
  9  9 18 14 30 24 38 34 40 40 40 40 38 39 34 36 29 31 25 27 23 24 29 26
 32 32 32 32 30 31 26 28 21 24 20 20 19 19 17 18 17 17 16 16 14 15 12 13
 12 12 19 17 19 19 13 17]"
2024-10-17 16:57:46.831536,"(-7, -21)","(8, 2942)","[17 10 19 20 15 17 15 14 20 19 22 22 21 22 17 19 16 17 16 16 14 15 13 13
 12 12 11 11 10 10 11 11 10 11 10 10 12 11 12 12 12 12 11 11 10 10 10 10
 11 10 11 11 11 11 12 12 12 12 11 11 10 10  9 10 12  9 19 16 19 19 17 18
 16 17 21 17 30 26 35 32 40 39 41 41 40 40 38 39 33 36 29 31 27 27 30 28
 31 32 30 30 30 30 26 28 21 24 21 21 20 20 19 19 18 18 17 18 17 17 17 17
 15 16 14 15 12 13 18 12]"
2024-10-17 16:58:01.012546,"(-15, -21)","(4007, 2942)","[17  8 19 20 15 17 15 14 20 19 22 22 21 22 17 19 16 17 16 16 14 15 13 13
 12 12 11 11 10 10 11 11 10 11 10 10 12 11 12 12 12 12 11 11 10 10 10 10
 11 10 11 11 11 11 12 12 12 12 11 11 10 10 11 10 16 14 17 17 24 20 27 26
 26 27 26 26 31 28 33 32 34 34 32 33 30 31 29 30 28 29 26 27 22 24 27 25
 29 29 30 29 29 30 27 28 25 26 20 20 20 20 20 20 19 19 18 18 17 17 15 16
 14 14 12 13 12 12 11 12]"
2024-10-17 16:58:14.172387,"(-22, -22)","(3924, 2943)","[17  8 19 20 15 17 15 14 20 19 22 22 21 22 17 19 16 17 16 16 14 15 13 13
 12 12 11 11 10 10 11 11 10 11 10 10 12 11 12 12 12 12 11 11 10 10 10 10
 11 10 11 11 11 11 12 12 12 12 11 11 10 10  9 10 17  9 20 20 19 19 19 19
 21 19 28 24 34 31 37 35 38 38 39 39 37 38 32 35 27 29 24 25 23 19 29 25
 33 32 32 33 29 31 21 27 20 21 18 19 17 17 17 17 17 17 17 17 16 17 14 15
 13 13 11 12 11 11 10 10]"
2024-10-17 16:58:28.347759,"(-30, -24)","(3825, 2954)","[17  3 19 20 15 17 15 14 20 19 22 22 21 22 17 19 16 17 16 16 14 15 13 13
 12 12 11 11 10 10 11 11 10 11 10 10 12 11 12 12 12 12 11 11 10 10 10 10
 11 10 11 11 11 11 12 12 12 12 11 11 10 10  9 10  9  9 10  9 11 11 15 11
 15 15 17 15 22 20 28 25 31 30 32 32 32 32 30 31 27 29 25 25 29 27 29 29
 28 29 27 27 26 27 25 26 23 24 18 19 16 17 16 16 16 16 15 15 14 14 12 13
 12 12 11 11 10 10  9  9]"
2024-10-17 16:58:41.302304,"(-36, -23)","(3757, 2950)","[17 11 19 20 15 17 15 14 20 19 22 22 21 22 17 19 16 17 16 16 14 15 13 13
 12 12 11 11 10 10 11 11 10 11 10 10 12 11 12 12 12 12 11 11 10 10 10 10
 11 10 11 11 11 11 12 12 12 12 11 11 10 10  9 10 15  9 16 16 11 16 10 11
  9  9 16 13 19 17 18 19 21 17 28 24 29 29 28 28 25 26 22 23 21 21 24 21
 32 28 38 36 38 38 36 37 31 34 25 28 19 19 18 18 16 17 14 15 13 14 11 12
 10 11  9 10  9  9  9  9]"
2024-10-17 16:58:54.467013,"(-43, -22)","(3687, 2952)","[17  9 19 20 15 17 15 14 20 19 22 22 21 22 17 19 16 17 16 16 14 15 13 13
 12 12 11 11 10 10 11 11 10 11 10 10 12 11 12 12 12 12 11 11 10 10 10 10
 11 10 11 11 11 11 12 12 12 12 11 11 10 10  9 10  9  9 10  9 11 11 10 11
  9  9  9  9 16 11 23 20 26 25 27 27 26 26 25 25 25 25 24 24 23 23 28 25
 32 31 34 33 33 33 31 32 28 30 24 26 18 19 17 18 16 17 15 15 13 14 12 12
 10 11  9 10  9  9  9  9]"
2024-10-17 16:59:08.126402,"(-51, -21)","(3615, 2952)","[17 12 19 20 15 17 15 14 20 19 22 22 21 22 17 19 16 17 16 16 14 15 13 13
 12 12 11 11 10 10 11 11 10 11 10 10 12 11 12 12 12 12 11 11 10 10 10 10
 11 10 11 11 11 11 12 12 12 12 11 11 10 10  9 10  9  9 10  9 11 11 10 11
  9  9  9  9 12 11 13 12 14 15 13 14 19 19 20 19 22 20 21 22 21 21 21 20
 28 23 33 31 33 33 31 32 28 30 25 27 17 23 17 17 16 16 14 15 12 13 11 12
 10 10  9  9  9  9  9  9]"
2024-10-17 16:59:21.784282,"(-59, -21)","(3542, 2954)","[17 12 19 20 15 17 15 14 20 19 22 22 21 22 17 19 16 17 16 16 14 15 13 14
 12 12 11 11 10 10 11 11 10 11 10 10 12 11 12 12 12 12 11 11 10 10 10 10
 11 10 11 11 11 11 12 12 12 12 11 11 10 10  9 10 13  9 14 14 11 11 10 11
  9  9  9  9 12 11 13 12 14 15 13 14 16 13 20 18 23 22 27 25 30 28 30 30
 29 29 25 27 23 24 21 22 20 21 15 15 13 14 12 12 11 12 10 11  8  9  7  8
  7  7  8  7  9  9  9  9]"
2024-10-17 16:59:34.941415,"(-67, -21)","(3475, 2956)","[17 12 19 20 15 17 15 14 20 19 22 22 21 22 17 19 16 17 16 16 14 15 13 13
 12 12 11 11 10 10 11 11 10 11 10 10 12 11 12 12 12 12 11 11 10 10 10 10
 11 10 11 11 11 11 12 12 12 12 11 11 10 10  9 10  9  9 10  9 11 11 10 11
  9  9  9  9 12 11 13 12 14 15 13 14 12 13 11 11 21 10 28 25 30 29 29 29
 28 29 28 28 27 28 25 26 22 23 19 21 15 15 13 14 12 12 10 11  9 10  9  9
 10 10 10 10  9 10  9  9]"
2024-10-17 16:59:49.115325,"(-75, -21)","(3412, 2954)","[17 10 19 20 15 17 15 14 20 19 22 22 21 22 17 19 16 17 16 16 14 15 13 13
 12 12 11 11 10 10 11 11 10 11 10 10 12 11 12 12 12 12 11 11 10 10 10 10
 11 10 11 11 11 11 12 12 12 12 11 11 10 10  9 10  9  9 10  9 11 11 10 11
  9  9  9  9 12 11 13 12 14 15 13 14 12 13 11 11 15 10 27 19 32 30 30 32
 26 29 22 24 19 20 13 19 13 13 13 13 12 13 11 11 11 12 10 11 13  9 17 16
 17 17 15 16 10 14  9 10]"
2024-10-17 17:00:02.273387,"(-82, -22)","(3357, 2955)","[17  8 19 20 15 17 15 14 20 19 22 22 21 22 17 19 16 17 16 16 14 15 13 13
 12 12 11 11 10 10 11 11 10 11 10 10 12 11 12 12 12 12 11 11 10 10 10 10
 11 10 11 11 11 11 12 12 12 12 11 11 10 10  9 10  9  9 10  9 11 11 10 11
  9  9  9  9 12 11 13 12 14 15 13 14 12 13 11 11 16 10 28 21 33 32 32 33
 28 31 24 26 22 23 21 22 19 20 14 14 13 14 12 13 11 12 10 11 10 10 10 10
 11 11 11 11 11 11 10 10]"
2024-10-17 17:00:39.498719,"(90, 27)","(1231, 2428)","[17 10 19 20 15 17 15 14 20 19 22 22 21 22 17 19 16 17 16 16 14 15 13 13
 12 12 11 11 10 10 11 11 10 11 10 10 12 11 12 12 12 12 11 11 10 10 10 10
 11 10 11 11 11 11 12 12 12 12 11 11 10 10  9 10  9  9 10  9 11 11 10 11
  9  9  9  9 12 11 13 12 14 15 13 14 12 13 17 11 24 21 28 26 28 28 26 27
 23 24 27 24 32 30 36 35 35 36 31 34 25 28 18 23 17 17 15 16 14 14 14 14
 14 14 14 14 12 13 11 11]"
2024-10-17 17:00:52.452964,"(84, 26)","(1183, 2436)","[17  8 19 20 15 17 15 14 20 19 22 22 21 22 17 19 16 17 16 16 14 15 13 13
 12 12 11 11 10 10 11 11 10 11 10 10 12 11 12 12 12 12 11 11 10 10 10 10
 11 10 11 11 11 11 12 12 12 12 11 11 10 10  9 10  9  9 10  9 11 11 10 11
  9  9  9  9 12 11 13 12 14 15 13 14 12 13 11 11 10 10 16 14 17 17 20 17
 29 26 33 31 32 33 29 30 27 28 24 26 21 22 15 19 14 15 14 14 19 17 14 19
 14 14 14 14 13 14 12 12]"
2024-10-17 17:01:05.405476,"(78, 25)","(1135, 2444)","[17  6 19 20 15 17 15 14 20 19 22 22 21 22 17 19 16 17 16 16 14 15 13 13
 12 12 11 11 10 10 11 11 10 11 10 10 12 11 12 12 12 12 11 11 10 10 10 10
 11 10 11 11 11 11 12 12 12 12 11 11 10 10  9 10  9  9 10  9 11 11 10 11
  9  9  9  9 12 11 13 12 14 15 13 14 12 13 11 11 10 10 15 14 15 15 15 15
 18 16 22 21 20 21 27 24 28 28 25 27 20 23 13 18 13 13 12 12 12 12 12 12
 12 12 11 12 10 11  9  9]"
2024-10-17 17:01:18.358006,"(72, 24)","(1084, 2454)","[17  8 19 20 15 17 15 14 20 19 22 22 21 22 17 19 16 17 16 16 14 15 13 13
 12 12 11 11 10 10 11 11 10 11 10 10 12 11 12 12 12 12 11 11 10 10 10 10
 11 10 11 11 11 11 12 12 12 12 11 11 10 10  9 10  9  9 10  9 11 11 10 11
  9  9  9  9 12 11 13 12 14 15 13 14 12 13 11 11 10 10 19 12 25 22 25 25
 28 26 30 29 29 30 27 28 25 27 21 24 14 19 13 14 12 13 11 12 11 11 12 11
 12 12 12 12 11 11 10 10]"
2024-10-17 17:01:31.515781,"(65, 23)","(1019, 2466)","[17  6 19 20 15 17 15 14 20 19 22 22 21 22 17 19 16 17 16 16 14 15 13 13
 12 12 11 11 10 10 11 11 10 11 10 10 12 11 12 12 12 12 11 11 10 10 10 10
 11 10 11 11 11 11 12 12 12 12 11 11 10 10  9 10  9  9 10  9 11 11 10 11
  9  9  9  9 12 11 13 12 14 15 13 14 12 13 12 11 20 16 28 24 31 30 30 31
 29 30 28 28 26 27 23 24 21 22 18 20 14 14 13 13 12 12 11 12 10 11  9 10
  8  9  8  8  9  9  9  9]"
2024-10-17 17:01:45.690300,"(58, 23)","(949, 2467)","[17  4 19 20 15 17 15 14 20 19 22 22 21 22 17 19 16 17 16 16 14 15 13 13
 12 12 11 11 10 10 11 11 10 11 10 10 12 11 12 12 12 12 11 11 10 10 10 10
 11 10 11 11 11 11 12 12 12 12 11 11 10 10  9 10  9  9 10  9 11 11 10 11
  9  9  9  9 12 11 13 12 14 15 13 14 12 13 11 11 18 10 30 25 33 32 32 33
 29 30 25 27 23 24 21 22 19 20 14 14 13 14 12 13 11 12 10 11 10 10  9 10
  9  9  9  9  9  9  9  9]"
2024-10-17 17:01:58.847745,"(50, 23)","(863, 2465)","[17 10 19 20 15 17 15 14 20 19 22 22 21 22 17 19 16 17 16 16 14 15 13 13
 12 12 11 11 10 10 11 11 10 11 10 10 12 11 12 12 12 12 11 11 10 10 10 10
 11 10 11 11 11 11 12 12 12 12 11 11 10 10  9 10  9  9 10  9 11 11 10 11
  9  9  9  9 12 11 13 12 14 15 13 14 12 13 11 11 18 10 28 23 30 30 28 30
 25 26 22 24 20 21 19 20 18 19 14 14 13 13 12 12 11 12 10 11  9  9  8  9
  8  8  8  8  9  9  9  9]"
2024-10-17 17:02:11.803337,"(44, 24)","(791, 2453)","[17  7 19 20 15 17 15 14 20 19 22 22 21 22 17 19 16 17 16 16 14 15 13 13
 12 12 11 11 10 10 11 11 10 11 14 11 15 15 13 14 12 12 11 11 10 10 10 10
 11 10 11 11 11 11 12 12 12 12 11 11 10 10  9 10  9  9 10  9 11 11 10 11
  9  9  9  9 12 11 13 12 14 15 13 14 12 13 11 11 20 10 30 26 32 31 30 31
 27 28 24 26 21 22 19 20 17 19 13 13 12 12 12 12 11 12 10 11  8  9  8  8
  9  9  9  9  9  9  9  9]"
2024-10-17 17:02:24.960986,"(37, 25)","(697, 2442)","[17 10 19 20 15 17 15 14 20 19 22 22 21 22 17 19 16 17 16 16 14 15 13 13
 12 12 11 11 10 10 11 11 10 11 11 10 12 12 12 12 12 12 11 11 10 10 10 10
 11 10 11 11 11 11 12 12 12 12 11 11 10 10  9 10  9  9 10  9 11 11 10 11
  9  9  9  9 12 11 13 12 14 15 13 14 12 13 11 11 17 10 26 22 28 27 26 27
 24 25 22 23 21 21 21 22 20 21 17 18 12 12 12 12 11 12 10 11  9  9  9  9
  9  9  9  9  9  9  9  9]"
2024-10-17 17:02:38.118612,"(30, 27)","(598, 2423)","[17 10 19 20 15 17 15 14 20 19 22 22 21 22 17 19 16 17 16 16 14 15 13 13
 12 12 11 11 10 10 11 11 10 11 10 10 12 11 12 12 12 12 11 11 10 10 10 10
 11 10 11 11 11 11 12 12 12 12 11 11 10 10  9 10  9  9 10  9 11 11 10 11
  9  9  9  9 12 11 13 12 14 15 13 14 12 13 11 11 10 10 10 10 20 15 21 21
 21 21 20 21 18 19 19 19 18 19 16 17 11 11 11 11 11 12 10 11  8  9  8  8
  8  8  8  8  9  9  9  9]"
2024-10-17 17:02:51.072129,"(24, 26)","(505, 2432)","[17 13 19 20 15 17 15 14 20 19 22 22 21 22 17 19 16 17 16 16 14 15 13 13
 12 12 11 11 10 10 11 11 10 11 10 10 12 11 12 12 12 12 11 11 10 10 10 10
 11 10 11 11 11 11 12 12 12 12 11 11 10 10  9 10  9  9 10  9 11 11 10 11
  9  9  9  9 12 11 13 12 14 15 13 14 12 13 11 11 16 10 23 19 28 26 28 28
 27 28 25 26 23 24 20 21 18 19 13 13 12 13 11 12 11 12 10 11  8  9  8  8
  8  8  8  8  9  9  9  9]"
2024-10-17 17:03:04.029178,"(18, 25)","(404, 2442)","[17 12 19 20 15 17 15 14 20 19 22 22 21 22 17 19 16 17 16 16 14 15 13 13
 12 12 11 11 10 10 11 11 10 11 10 10 12 11 12 12 12 12 11 11 10 10 10 10
 11 10 11 11 11 11 12 12 12 12 11 11 10 10  9 10  9  9 10  9 11 11 10 11
  9  9  9  9 12 11 13 12 14 15 13 14 12 13 11 11 16 10 23 19 23 24 21 22
 24 21 28 27 27 28 25 26 23 24 19 21 14 14 12 13 11 12 10 11  8  9  8  8
  8  8  9  9  9  9  9  9]"
2024-10-17 17:03:16.982415,"(12, 24)","(304, 2453)","[17  6 19 20 15 17 15 14 20 19 22 22 21 22 17 19 16 17 16 16 14 15 13 13
 12 13 11 12 10 11 11 11 10 11 10 10 12 11 12 12 12 12 11 11 10 10 10 10
 11 10 11 11 11 11 12 12 12 12 11 11 10 10  9 10  9  9 10  9 11 11 10 11
  9  9  9  9 12 11 13 12 14 15 13 14 12 13 11 11 18 10 26 22 28 27 27 27
 26 26 26 26 25 26 22 24 19 21 17 18 13 13 12 13 11 12 10 11  9  9  9  9
  9  9  9  9  9  9  9  9]"
2024-10-17 17:03:30.135883,"(5, 23)","(192, 2465)","[17 11 19 20 15 17 15 14 20 19 22 22 21 22 17 19 16 17 16 16 14 15 13 13
 12 12 11 11 10 10 11 11 10 11 10 10 12 11 12 12 12 12 11 11 10 10 10 10
 11 10 11 11 11 11 12 12 12 12 11 11 10 10  9 10  9  9 10  9 11 11 10 11
  9  9  9  9 12 11 13 12 14 15 13 14 12 13 11 11 21 10 31 27 33 32 30 32
 28 28 28 28 27 27 25 26 22 23 20 21 15 15 14 15 12 13 10 11  9  9  8  8
  8  8  8  8  9  9  9  9]"
2024-10-17 17:03:43.789739,"(-2, 23)","(112, 2463)","[17  9 19 20 15 17 15 14 20 19 22 22 21 22 17 19 16 17 16 16 14 15 13 13
 12 12 11 11 10 10 11 11 10 11 10 10 12 11 12 12 12 12 11 11 10 10 10 10
 11 10 11 11 11 11 12 12 12 12 11 11 10 10  9 10  9  9 10  9 11 11 10 11
  9  9  9  9 12 11 13 12 14 15 13 14 12 13 11 11 21 10 31 27 33 33 31 32
 28 29 28 28 28 28 26 27 23 24 20 21 15 15 13 14 11 12 10 11 10 10  9  9
  9  9  8  8  9  9  9  9]"
2024-10-17 17:03:56.935312,"(-10, 23)","(4084, 2464)","[17  7 19 20 15 17 15 14 20 19 22 22 21 22 17 19 16 17 16 16 14 15 13 13
 12 12 11 11 10 10 11 11 10 11 10 10 12 11 12 12 12 12 11 11 10 10 10 10
 11 10 11 11 11 11 12 12 12 12 11 11 10 10  9 10  9  9 10  9 11 11 10 11
 14  9 14 14 12 11 13 12 14 15 13 14 12 13 11 11 17 10 28 23 34 31 36 35
 36 36 35 36 33 34 29 31 25 27 22 24 16 20 15 16 14 14 13 13 12 12 11 11
 10 10  9 10  9  9  9  9]"
2024-10-17 17:04:09.886496,"(-16, 24)","(4003, 2454)","[17 13 19 20 15 17 15 14 20 19 22 22 21 22 17 19 16 17 16 16 14 15 13 13
 12 12 11 11 10 10 11 11 10 11 10 10 12 11 12 12 12 12 11 11 10 10 10 10
 11 10 11 11 11 11 12 12 12 12 11 11 10 10  9 10  9  9 10  9 11 11 10 11
 13  9 14 14 12 11 13 12 14 15 13 14 12 13 11 11 10 10 18 15 23 20 24 24
 27 24 31 30 30 31 27 29 24 25 20 22 15 19 14 15 14 14 12 13 11 12 10 10
  9  9  9  9  9  9  9  9]"
2024-10-17 17:04:23.032825,"(-23, 25)","(3909, 2443)","[17 10 19 20 15 17 15 14 20 19 22 22 21 22 17 19 16 17 16 16 14 15 13 13
 12 12 11 11 10 10 11 11 10 11 10 10 12 11 12 12 12 12 11 11 10 10 10 10
 11 10 11 11 11 11 12 12 12 12 11 11 10 10  9 10  9  9 10  9 11 11 14 11
 14 14 13 14 12 11 13 12 14 15 13 14 12 13 12 11 21 17 27 24 27 27 26 26
 26 25 27 27 25 26 22 24 19 21 14 14 14 14 13 13 11 12 10 11  9  9  8  8
  8  8  8  8  9  9  9  9]"
2024-10-17 17:04:36.187308,"(-30, 27)","(3825, 2423)","[17 10 19 20 15 17 15 14 20 19 22 22 21 22 17 19 16 17 16 16 14 15 13 13
 12 12 11 11 10 10 11 11 10 11 10 10 12 11 12 12 12 12 11 11 10 10 10 10
 11 10 11 11 11 11 12 12 12 12 11 11 10 10  9 10 13  9 17 15 17 17 18 18
 18 18 17 18 12 16 13 12 14 15 13 14 12 13 11 11 17 10 22 20 24 23 25 24
 28 27 28 28 30 29 31 31 29 31 25 27 17 23 16 17 14 15 13 14 12 12 11 11
  9 10  9  9  9  9  9  9]"
2024-10-17 17:04:49.137164,"(-36, 26)","(3757, 2432)","[17 15 19 20 15 17 15 14 20 19 22 22 21 22 17 19 16 17 16 16 14 15 13 13
 12 12 11 11 10 10 11 11 10 11 10 10 12 11 12 12 12 12 11 11 10 10 10 10
 11 10 11 11 11 11 12 12 12 12 11 11 10 10 13 10 20 16 25 23 26 26 24 25
 21 22 18 19 12 16 13 12 14 15 13 14 15 13 22 19 24 24 22 24 25 23 28 27
 26 27 24 25 23 24 21 22 15 19 14 14 13 13 13 13 13 13 12 12 11 11 10 10
  9 10  9  9  9  9  9  9]"
2024-10-17 17:05:02.087943,"(-42, 25)","(3698, 2441)","[17  8 19 20 15 17 15 14 20 19 22 22 21 22 17 19 16 17 16 16 14 15 13 13
 12 12 11 11 10 10 11 11 10 11 10 10 12 11 12 12 12 12 11 11 10 10 10 10
 11 10 11 11 11 11 12 12 12 12 11 11 10 10  9 10  9  9 10  9 11 11 10 11
  9  9  9  9 12 11 13 12 14 15 19 14 27 23 28 28 28 28 28 28 27 28 28 27
 31 31 32 32 31 31 28 30 25 27 21 23 17 18 16 16 14 15 13 14 12 12 10 11
  9 10  9  9 12  9 16 14]"
2024-10-17 17:05:15.040655,"(-48, 24)","(3641, 2454)","[17 10 19 20 15 17 15 14 20 19 22 22 21 22 17 19 16 17 16 16 14 15 13 13
 12 12 11 11 10 10 11 11 10 11 10 10 12 11 12 12 12 12 11 11 10 10 10 10
 11 10 11 11 11 11 12 12 12 12 11 11 10 10  9 10 15  9 20 18 23 22 22 23
 20 21 17 18 12 15 13 12 14 15 13 14 24 19 27 26 28 28 28 28 28 28 29 29
 29 29 29 29 28 29 24 26 17 21 16 17 14 15 12 13 11 12 10 11 10 10  9  9
  8  8  8  8  9  9  9  9]"
2024-10-17 17:05:28.189870,"(-55, 23)","(3578, 2465)","[17  5 19 20 15 17 15 14 20 19 22 22 21 22 17 19 16 17 16 16 14 15 13 13
 12 12 11 11 10 10 11 11 10 11 10 10 12 11 12 12 12 12 11 11 10 10 10 10
 11 10 11 11 11 11 12 12 12 12 11 11 11 10 19 15 24 23 24 24 22 23 20 21
 18 18 16 17 12 12 13 12 14 15 13 14 25 21 26 26 24 25 25 24 29 27 30 29
 32 30 32 33 30 31 27 29 22 25 18 18 16 17 14 15 12 13 11 11 10 10  9  9
  9  9  9  9  9  9  9  9]"
2024-10-17 17:05:41.342686,"(-62, 23)","(3518, 2465)","[17  8 19 20 15 17 15 14 20 19 22 22 21 22 17 19 16 17 16 16 14 15 13 13
 12 12 11 11 10 10 11 11 10 11 10 10 12 11 12 12 12 12 11 11 10 10 10 10
 11 10 11 11 11 11 12 12 12 12 11 11 12 10 19 15 28 25 32 31 32 32 29 31
 26 27 22 24 18 20 14 17 14 15 13 14 21 16 27 25 27 28 24 26 26 25 31 29
 34 33 33 33 30 32 25 27 18 23 17 18 16 16 14 15 12 13 11 11 10 10  9  9
  8  8  8  8  9  9  9  9]"
2024-10-17 17:05:54.496219,"(-70, 23)","(3453, 2464)","[17 11 19 20 15 17 15 14 20 19 22 22 21 22 17 19 16 17 16 16 14 15 13 13
 12 12 11 11 10 10 11 11 10 11 10 10 12 11 12 12 12 12 11 11 10 10 10 10
 11 10 11 11 11 11 12 12 12 12 11 11 15 10 25 21 29 28 33 30 34 34 33 34
 28 31 24 26 22 23 20 21 15 19 21 18 26 24 25 26 26 23 31 29 35 33 35 35
 31 33 30 30 29 29 26 27 21 25 19 20 17 18 14 15 13 13 11 12 10 11  9 10
  9  9  9  9  9  9  9  9]"
2024-10-17 17:06:07.448052,"(-76, 24)","(3405, 2452)","[17  5 19 20 15 17 15 14 20 19 22 22 21 22 17 19 16 17 16 16 14 15 13 13
 12 12 11 11 10 10 11 11 10 11 10 10 12 11 12 12 12 12 11 11 10 10 10 10
 11 10 11 11 11 11 12 12 12 12 11 11 10 10 16 10 29 22 37 34 38 38 35 37
 32 34 28 30 25 27 21 23 16 19 22 19 29 26 30 30 29 30 34 31 41 38 42 41
 41 41 39 40 34 37 28 31 22 25 19 21 17 18 15 16 13 14 12 12 11 11 10 10
  8  9  8  8  9  9  9  9]"
2024-10-17 17:06:20.602731,"(-83, 25)","(3349, 2442)","[17 10 19 20 15 17 15 14 20 19 22 22 21 22 17 19 17 17 17 17 17 17 16 16
 15 15 12 13 10 11 11 11 10 11 11 10 12 12 12 12 12 12 11 11 10 10 10 10
 11 10 11 11 11 11 12 12 12 12 11 11 16 10 28 22 38 34 41 40 40 41 37 39
 31 34 26 28 18 24 18 18 17 18 17 17 16 16 15 15 24 15 30 28 33 32 38 35
 41 41 41 41 36 39 29 33 22 26 20 21 18 19 16 17 14 15 12 13 10 11 10 10
 10 10 10 10 10 10 10 10]"
2024-10-17 17:06:33.759495,"(-90, 27)","(3293, 2421)","[17 15 19 20 15 17 15 14 20 19 22 22 21 22 17 19 16 17 16 16 16 16 13 15
 12 12 11 11 10 10 11 11 10 11 10 10 12 11 12 12 12 12 11 11 10 10 10 10
 11 10 11 11 17 16 12 17 17 12 20 18 21 21 22 21 28 24 30 30 29 29 27 28
 24 25 20 22 15 15 15 15 15 15 14 14 13 13 13 13 18 13 26 22 36 31 41 39
 43 43 41 42 38 40 33 36 28 30 21 21 19 20 16 18 14 15 12 13 10 11  9  9
  8  8  8  8  9  9  9  9]"
2024-10-17 17:07:11.156137,"(84, -26)","(1182, 2973)","[17 14 19 20 15 17 15 14 20 19 22 22 21 22 17 19 16 17 16 16 14 15 13 13
 12 12 11 11 10 10 11 11 10 11 10 10 12 11 12 12 12 12 11 11 10 10 10 10
 11 10 11 11 17 14 18 18 17 18 15 16 15 10 23 19 30 28 32 32 32 32 30 31
 27 28 26 26 32 29 35 34 33 34 28 31 25 27 24 24 27 25 29 28 36 32 40 38
 41 41 39 40 34 37 29 31 24 27 22 23 19 21 17 18 15 16 13 14 11 12 11 11
 10 10  9  9  9  9  9  9]"
2024-10-17 17:07:24.106622,"(78, -25)","(1134, 2962)","[17  8 19 20 15 17 15 14 20 19 22 22 21 22 17 19 16 17 16 16 14 15 13 14
 12 12 11 11 10 10 11 11 10 11 10 10 12 11 12 12 12 12 11 11 10 10 10 10
 11 10 11 11 11 11 12 12 12 12 11 11 11 10 23 17 34 30 38 37 37 38 34 36
 28 31 28 26 38 33 41 40 39 40 35 37 31 33 29 30 28 29 33 29 40 37 41 41
 40 40 36 39 33 35 26 31 25 26 23 24 21 22 19 20 17 18 15 16 13 14 12 13
 11 11 10 11  9 10  9  9]"
2024-10-17 17:07:37.558759,"(72, -24)","(1082, 2951)","[17  7 19 20 15 17 15 14 20 19 22 22 21 22 17 19 16 17 16 16 15 16 14 15
 12 13 11 11 10 10 11 11 10 11 10 10 12 11 12 12 12 12 11 11 10 10 10 10
 11 10 11 11 11 11 12 12 12 12 11 11 10 10 12 10 20 15 27 24 27 27 25 26
 22 24 19 20 29 24 33 32 31 32 26 29 23 24 21 22 21 20 30 24 36 34 36 36
 35 35 35 35 33 35 28 30 21 25 20 21 18 19 16 17 14 15 13 13 13 13 13 13
 12 13 11 12 10 11 10 10]"
2024-10-17 17:07:50.702780,"(65, -23)","(1018, 2940)","[17 11 19 20 15 17 15 14 20 19 22 22 21 22 17 19 16 17 16 16 14 15 13 13
 12 12 11 11 10 10 11 11 10 11 10 10 12 11 12 12 12 12 11 11 10 10 10 10
 11 10 11 11 11 11 12 12 12 12 11 11 10 10  9 10 13  9 23 17 26 25 23 25
 21 22 25 22 33 29 35 35 34 35 31 33 30 31 28 29 27 27 27 26 26 26 34 31
 37 36 39 38 38 39 33 35 27 30 22 23 19 21 18 19 17 18 15 16 13 14 13 13
 13 13 12 12 11 11 10 10]"
2024-10-17 17:08:03.856234,"(58, -23)","(948, 2941)","[17 10 19 20 15 17 15 14 20 19 22 22 21 22 17 19 16 17 16 16 14 15 13 13
 12 12 11 11 10 10 11 11 10 11 10 10 12 11 12 12 12 12 11 11 10 10 10 10
 11 10 11 11 11 11 12 12 12 12 11 11 10 10  9 10  9  9 15 12 20 18 20 20
 21 19 23 23 23 23 25 24 25 25 25 25 27 26 27 27 28 27 31 29 32 32 36 34
 41 38 43 43 42 43 36 39 30 33 25 28 21 22 20 21 19 19 18 18 16 17 15 15
 13 14 11 12 10 11  9  9]"
2024-10-17 17:08:17.002163,"(50, -23)","(860, 2942)","[17  7 19 20 15 17 15 14 20 19 22 22 21 22 17 19 16 17 16 16 14 15 13 13
 12 12 11 11 10 10 11 11 10 11 10 10 12 11 12 12 12 12 11 11 10 10 10 10
 11 10 11 11 11 11 12 12 12 12 11 11 10 10  9 10  9  9 10  9 11 11 10 11
 14  9 15 15 19 17 23 22 22 23 21 21 20 20 20 20 21 19 30 24 33 32 34 33
 39 36 41 40 41 41 39 40 35 37 29 32 22 27 27 22 29 28 28 28 22 26 20 21
 17 18 14 15 13 14 12 13]"
2024-10-17 17:08:29.952652,"(44, -24)","(789, 2952)","[17  7 19 20 15 17 15 14 20 19 22 22 21 22 17 19 16 17 16 16 14 15 13 13
 12 12 11 11 10 10 12 11 14 14 12 13 12 12 12 12 12 12 11 11 10 10 10 10
 11 10 11 11 11 11 12 12 12 12 11 11 10 10  9 10  9  9 10  9 11 11 10 11
  9  9  9  9 12 11 13 12 19 15 23 21 29 26 29 29 27 29 26 26 28 27 26 28
 28 25 32 30 29 31 29 29 27 29 23 26 18 18 18 18 18 18 18 18 17 18 16 17
 16 16 15 15 14 14 13 14]"
2024-10-17 17:08:43.098445,"(37, -25)","(694, 2960)","[17 11 19 20 15 17 15 14 20 19 22 22 21 22 17 19 16 17 16 16 14 15 13 13
 12 12 11 11 10 10 11 11 10 11 10 10 12 11 12 12 12 12 11 11 10 10 10 10
 11 10 11 11 11 11 12 12 12 12 11 11 10 10  9 10  9  9 10  9 11 11 14 11
 23 18 26 26 25 26 24 24 25 24 25 25 25 25 25 25 23 24 23 23 24 23 24 24
 23 23 27 24 34 30 38 37 37 38 34 36 31 33 29 30 26 28 21 22 20 21 18 19
 16 17 15 16 13 14 11 12]"
2024-10-17 17:08:56.251411,"(30, -27)","(596, 2984)","[17  6 19 20 15 17 15 14 20 19 22 22 21 22 17 19 16 17 16 16 14 15 13 13
 12 12 11 11 10 10 11 11 10 11 10 10 12 11 12 12 12 12 11 11 10 10 10 10
 11 10 11 11 11 11 12 12 12 12 11 11 10 10  9 10  9  9 10  9 11 11 10 11
 16  9 20 18 22 21 26 23 31 29 31 32 29 30 26 27 23 24 21 22 21 21 22 21
 26 24 30 28 36 33 39 38 36 38 33 35 29 31 26 27 20 25 20 20 17 19 15 16
 13 14 12 13 12 12 10 11]"
2024-10-17 17:09:09.202577,"(24, -26)","(504, 2974)","[17 11 19 20 15 17 15 14 20 19 22 22 21 22 17 19 16 17 16 16 14 15 13 13
 12 12 11 11 10 10 12 11 12 13 11 12 12 12 12 12 12 12 11 11 10 10 10 10
 11 10 11 11 11 11 12 12 12 12 11 11 10 10  9 10  9  9 10  9 11 11 10 11
 15  9 25 19 29 28 28 29 32 28 33 33 30 32 26 27 26 25 29 27 29 29 27 28
 28 26 31 29 34 32 35 35 32 34 30 31 29 29 27 28 22 27 21 22 20 21 18 19
 15 16 13 14 12 13 11 12]"
2024-10-17 17:09:22.154809,"(18, -25)","(438, 2963)","[17  6 19 20 15 17 15 14 20 19 22 22 21 22 17 19 16 17 16 16 14 15 13 13
 12 12 11 11 10 10 11 11 10 11 10 10 12 11 12 12 12 12 11 11 10 10 10 10
 11 10 11 11 11 11 12 12 12 12 11 11 10 10  9 10  9  9 10  9 11 11 10 11
 16  9 26 20 28 28 29 27 34 32 36 36 35 36 32 34 29 31 27 28 27 27 25 26
 18 23 23 22 18 23 18 18 18 18 18 18 16 17 15 16 15 15 20 17 21 21 21 21
 15 20 14 15 13 14 13 13]"
2024-10-17 17:09:35.105572,"(12, -24)","(304, 2955)","[17  7 19 20 15 17 15 14 20 19 22 22 21 22 17 19 16 17 16 16 14 15 13 13
 12 12 11 11 10 10 11 11 10 11 10 10 12 11 12 12 12 12 11 11 10 10 10 10
 11 10 11 11 11 11 12 12 12 12 11 11 10 10  9 10  9  9 10  9 11 11 10 11
 13  9 22 17 28 25 33 30 39 37 40 41 37 39 34 35 33 33 31 32 29 30 26 27
 28 26 28 28 26 27 24 25 20 24 20 20 20 20 19 19 17 18 16 16 14 15 13 14
 14 13 14 14 14 14 14 14]"
2024-10-17 17:09:48.260389,"(5, -23)","(191, 2956)","[17  9 19 20 15 17 15 14 20 19 22 22 21 22 17 19 16 17 16 16 14 15 13 13
 12 12 11 11 10 10 11 11 10 11 10 10 12 11 12 12 12 12 11 11 10 10 10 10
 11 10 11 11 11 11 12 12 12 12 11 11 10 10 11 10 18 15 20 20 18 19 17 17
 17 17 19 17 29 24 39 34 47 44 48 48 46 47 41 44 35 38 29 32 26 28 21 26
 21 21 21 21 21 21 20 21 19 20 18 18 17 17 17 17 17 17 17 17 16 16 15 15
 15 14 15 15 15 15 15 15]"
2024-10-17 17:10:01.414786,"(-2, -23)","(115, 2956)","[17 13 19 20 15 17 15 14 20 19 22 22 21 22 17 19 16 17 16 16 14 15 13 13
 12 12 11 11 10 10 11 11 10 11 10 10 12 11 12 12 12 12 11 11 10 10 10 10
 11 10 11 11 11 11 12 12 12 12 11 11 10 10  9 10 16  9 21 19 21 21 19 20
 17 18 20 17 29 24 36 33 42 39 44 44 42 43 36 39 30 33 28 29 27 27 25 26
 24 23 28 26 29 29 27 28 21 25 20 20 19 20 19 19 19 19 18 19 16 17 14 15
 12 13 11 12 10 10 15 10]"
2024-10-17 17:10:14.563907,"(-10, -23)","(4060, 2958)","[17  9 19 20 15 17 15 14 20 19 22 22 21 22 17 19 16 17 16 16 14 15 13 13
 12 12 11 11 10 10 11 11 10 11 10 10 12 11 12 12 12 12 11 11 10 10 10 10
 11 10 11 11 11 11 12 12 12 12 11 11 10 10  9 10 19  9 27 24 28 28 26 27
 23 25 24 22 33 28 38 35 41 39 41 41 40 41 38 39 34 36 29 31 27 28 26 27
 28 26 30 29 29 30 26 28 22 25 21 22 19 20 18 19 17 18 16 17 14 15 13 13
 13 13 13 13 12 12 15 11]"
2024-10-17 17:10:28.530671,"(-16, -24)","(4003, 2956)","[17  4 19 20 15 17 15 14 20 19 22 22 21 22 17 19 16 17 16 16 14 15 13 13
 12 12 11 11 10 10 11 11 10 11 10 10 12 11 12 12 12 12 11 11 10 10 10 10
 11 10 11 11 11 11 12 12 12 12 11 11 10 10 11 10 20 15 29 25 30 30 28 29
 25 27 22 23 28 25 37 33 42 40 42 42 41 42 36 39 31 33 27 29 21 26 21 21
 28 21 32 31 31 32 29 30 22 27 22 22 21 21 21 21 20 20 18 19 16 17 14 15
 13 14 12 13 10 11  9  9]"
2024-10-17 17:10:41.685899,"(-23, -25)","(3910, 2962)","[17 12 19 20 15 17 15 14 20 19 22 22 21 22 17 19 16 17 16 16 14 15 13 13
 12 12 11 11 10 10 11 11 10 11 10 10 12 11 12 12 12 12 11 11 10 10 10 10
 11 10 11 11 11 11 12 12 12 12 11 11 10 10 12 10 18 15 21 20 21 21 20 21
 19 20 19 19 30 24 36 34 36 37 36 36 35 35 33 34 30 31 26 28 25 25 26 26
 27 27 27 27 27 27 26 27 20 24 19 20 17 18 15 16 14 15 12 13 12 12 11 11
 11 11 11 11 11 11 10 11]"
2024-10-17 17:10:54.841657,"(-30, -27)","(3826, 2986)","[17 15 19 20 15 17 15 14 20 19 22 22 21 22 17 19 16 17 16 16 14 15 13 13
 12 12 11 11 10 10 11 11 10 11 10 10 12 11 12 12 12 12 11 11 10 10 10 10
 11 10 11 11 11 11 12 12 12 12 11 11 10 10  9 10  9  9 10  9 15 11 17 16
 17 17 17 17 12 16 13 12 20 15 25 22 25 25 23 24 20 21 22 21 23 23 22 22
 22 21 22 23 24 23 25 25 24 25 21 23 16 16 16 16 16 16 15 16 14 15 12 13
 10 11  9 10  9  9  9  9]"
2024-10-17 17:11:07.793573,"(-36, -26)","(3757, 2974)","[17 13 19 20 15 17 15 14 20 19 22 22 21 22 17 19 16 17 16 16 14 15 13 14
 12 13 11 12 10 10 11 11 10 11 10 10 12 11 12 12 12 12 11 11 10 10 10 10
 11 10 11 11 11 11 12 12 12 12 11 11 10 10  9 10 16  9 18 18 18 18 17 17
 15 16 20 16 26 23 27 27 25 26 26 25 25 26 22 23 21 21 20 21 14 20 15 14
 25 15 32 29 33 33 32 33 29 31 24 27 18 22 18 18 16 17 15 16 12 14 10 11
  9 10  9  9  9  9  9  9]"
2024-10-17 17:11:20.745456,"(-42, -25)","(3698, 2969)","[17  7 19 20 15 17 15 14 20 19 22 22 21 22 17 19 16 17 16 16 14 15 13 13
 12 12 11 11 10 10 11 11 10 11 10 10 12 11 12 12 12 12 11 11 10 10 10 10
 11 10 11 11 11 11 12 12 12 12 11 11 10 10  9 10  9  9 10  9 11 11 10 11
  9  9  9  9 12 11 13 12 14 15 20 18 20 20 18 19 14 16 10 10 10 10 17 10
 22 20 26 25 27 27 26 27 24 26 20 22 14 18 13 14 11 12 10 11 10 10  9  9
  9  9  9  9  9  9  9  9]"
2024-10-17 17:11:33.697584,"(-48, -24)","(3640, 2968)","[17  5 19 20 15 17 15 14 20 19 22 22 21 22 17 19 16 17 16 16 14 15 13 13
 12 12 11 11 10 10 11 11 10 11 10 10 12 11 12 12 12 12 11 11 10 10 10 10
 11 10 11 11 11 11 12 12 12 12 11 11 10 10  9 10  9  9 10  9 11 11 10 11
  9  9  9  9 12 11 13 12 14 15 13 14 19 19 19 19 18 19 16 17 15 15 16 14
 23 18 30 27 31 31 29 30 25 28 21 23 15 19 14 15 14 14 13 13 12 12 10 11
 10 10  9  9  9  9  9  9]"
2024-10-17 17:11:46.850963,"(-55, -23)","(3577, 2970)","[17  6 19 20 15 17 15 14 20 19 22 22 21 22 17 19 16 17 16 16 14 15 13 13
 12 12 11 11 10 10 11 11 10 11 10 10 12 11 12 12 12 12 11 11 10 10 10 10
 11 10 11 11 11 11 12 12 12 12 11 11 10 10  9 10  9  9 10  9 11 11 10 11
  9  9  9  9 12 11 13 12 14 15 13 14 18 17 19 19 20 20 19 19 18 18 16 17
 16 15 18 17 18 18 18 18 17 17 12 12 12 12 12 12 11 12 10 11  9  9  8  8
  7  7  8  7  9  9  9  9]"
2024-10-17 17:12:00.006913,"(-62, -23)","(3518, 2969)","[17 11 19 20 15 17 15 14 20 19 22 22 21 22 17 19 16 17 16 16 14 15 13 13
 12 12 11 11 10 10 11 11 10 11 10 10 12 11 12 12 12 12 11 11 10 10 10 10
 11 10 11 11 11 11 12 12 12 12 11 11 10 10  9 10  9  9 10  9 11 11 10 11
  9  9  9  9 12 11 13 12 14 15 13 14 12 13 15 11 18 16 21 21 22 22 21 21
 20 20 23 21 23 23 23 23 21 22 19 20 14 14 14 14 13 14 12 13 11 12  9 10
  8  9  8  8  9  9  9  9]"
2024-10-17 17:12:13.162384,"(-70, -23)","(3453, 2971)","[17  9 19 20 15 17 15 14 20 19 22 22 21 22 17 19 16 17 16 16 14 15 13 13
 12 12 11 11 10 10 11 11 10 11 10 10 12 11 12 12 12 12 11 11 10 10 10 10
 11 10 11 11 11 11 12 12 12 12 11 11 10 10  9 10  9  9 10  9 11 11 10 11
  9  9  9  9 12 11 13 12 14 15 13 14 12 13 16 11 17 15 20 18 20 20 20 20
 22 19 27 25 28 28 26 27 23 25 20 21 14 14 14 14 12 13 11 11 11 11 11 11
 11 11 11 11 10 11 10 10]"
2024-10-17 17:12:26.113689,"(-76, -24)","(3404, 2970)","[17 10 19 20 15 17 15 14 20 19 22 22 21 22 17 19 16 17 16 16 14 15 13 13
 12 12 11 11 10 10 11 11 10 11 10 10 12 11 12 12 12 12 11 11 10 10 10 10
 11 10 11 11 11 11 12 12 12 12 11 11 10 10  9 10  9  9 10  9 11 11 10 11
  9  9  9  9 12 11 13 12 14 15 13 14 12 13 11 11 10 10 16 13 21 19 24 23
 29 26 30 30 28 29 23 25 21 22 18 19 13 13 12 12 11 12 10 11 15 10 18 17
 17 18 16 17 11 11 11 11]"
2024-10-17 17:12:39.270385,"(-83, -25)","(3348, 2970)","[17  8 19 20 15 17 15 14 20 19 22 22 21 22 17 19 16 17 16 16 14 15 13 13
 12 12 11 11 10 10 11 11 10 11 10 10 12 11 12 12 12 12 11 11 10 10 10 10
 11 10 11 11 11 11 12 12 12 12 11 11 10 10  9 10  9  9 10  9 11 11 10 11
  9  9  9  9 12 11 13 12 14 15 13 14 12 13 11 11 13 10 21 17 24 23 23 23
 24 22 26 26 24 25 22 23 21 22 18 19 13 13 13 13 11 12 10 11 13 10 15 15
 15 16 10 10 10 10 10 10]"
